#elapsed time	time step 	scale cont	scalingDen	<T>	<H+/H rad>	<H0/H rad>	<2*H2/H rad>	<He+/He rad>	<CO/H>	<redshift>	<ne/nH>
0.000000000000e+00	0.00000e+00	1.00000e+00	1.42967e-01	1.00000e+08	1.00000e+00	1.99759e-09	1.21174e-25	1.04408e-07	0.00000e+00	0.00000e+00	1.21262e+00
0.000000000000e+00	0.00000e+00	1.00000e+00	1.42941e-01	1.00000e+08	1.00000e+00	1.99759e-09	1.21239e-25	1.04408e-07	0.00000e+00	0.00000e+00	1.21223e+00
0.000000000000e+00	0.00000e+00	1.00000e+00	1.42948e-01	1.00000e+08	1.00000e+00	1.99759e-09	1.21242e-25	1.04408e-07	0.00000e+00	0.00000e+00	1.21214e+00
1.388123350860e+12	2.77625e+12	1.00000e+00	1.42973e-01	9.99991e+07	1.00000e+00	1.99761e-09	1.21227e-25	1.04409e-07	0.00000e+00	0.00000e+00	1.21212e+00
4.164370052581e+12	5.55249e+12	1.00000e+00	1.43031e-01	1.00026e+08	1.00000e+00	1.99704e-09	1.21136e-25	1.04377e-07	0.00000e+00	0.00000e+00	1.21196e+00
9.716863456022e+12	1.11050e+13	1.00000e+00	1.43119e-01	1.00004e+08	1.00000e+00	1.99750e-09	1.21122e-25	1.04403e-07	0.00000e+00	0.00000e+00	1.21194e+00
2.082185026290e+13	2.22100e+13	1.00000e+00	1.43233e-01	9.99104e+07	1.00000e+00	1.99946e-09	1.21244e-25	1.04512e-07	0.00000e+00	0.00000e+00	1.21196e+00
4.303182387667e+13	4.44199e+13	1.00000e+00	1.43536e-01	9.97560e+07	1.00000e+00	2.00270e-09	1.21376e-25	1.04693e-07	0.00000e+00	0.00000e+00	1.21186e+00
8.745177110420e+13	8.88399e+13	1.00000e+00	1.44167e-01	9.93896e+07	1.00000e+00	2.01043e-09	1.21701e-25	1.05124e-07	0.00000e+00	0.00000e+00	1.21213e+00
1.762916655593e+14	1.77680e+14	1.00000e+00	1.45266e-01	9.85920e+07	1.00000e+00	2.02747e-09	1.22713e-25	1.06073e-07	0.00000e+00	0.00000e+00	1.21213e+00
3.539714544694e+14	3.55360e+14	1.00000e+00	1.47503e-01	9.70230e+07	1.00000e+00	2.06179e-09	1.24759e-25	1.07987e-07	0.00000e+00	0.00000e+00	1.21188e+00
7.093310322896e+14	7.10719e+14	1.00000e+00	1.52505e-01	9.38113e+07	1.00000e+00	2.13568e-09	1.28931e-25	1.12113e-07	0.00000e+00	0.00000e+00	1.21195e+00
1.420050187930e+15	8.30394e+14	1.00000e+00	1.59017e-01	8.99794e+07	1.00000e+00	2.23082e-09	1.34222e-25	1.17437e-07	0.00000e+00	0.00000e+00	1.21191e+00
2.250443928776e+15	7.79956e+14	1.00000e+00	1.65821e-01	8.62852e+07	1.00000e+00	2.33064e-09	1.39748e-25	1.23035e-07	0.00000e+00	0.00000e+00	1.21191e+00
3.030399773479e+15	7.28703e+14	1.00000e+00	1.72904e-01	8.27465e+07	1.00000e+00	2.43471e-09	1.45471e-25	1.28886e-07	0.00000e+00	0.00000e+00	1.21192e+00
3.759102601296e+15	6.81565e+14	1.00000e+00	1.80290e-01	7.93538e+07	1.00000e+00	2.54329e-09	1.51397e-25	1.35004e-07	0.00000e+00	0.00000e+00	1.21192e+00
4.440667685887e+15	6.37664e+14	1.00000e+00	1.87992e-01	7.60993e+07	1.00000e+00	2.65665e-09	1.57542e-25	1.41405e-07	0.00000e+00	0.00000e+00	1.21193e+00
5.078332016835e+15	5.96416e+14	1.00000e+00	1.96025e-01	7.29779e+07	1.00000e+00	2.77494e-09	1.63908e-25	1.48101e-07	0.00000e+00	0.00000e+00	1.21193e+00
5.674747629720e+15	5.57775e+14	1.00000e+00	2.04402e-01	6.99835e+07	1.00000e+00	2.89843e-09	1.70518e-25	1.55107e-07	0.00000e+00	0.00000e+00	1.21194e+00
6.232523058826e+15	5.21429e+14	1.00000e+00	2.13138e-01	6.71120e+07	1.00000e+00	3.02729e-09	1.77341e-25	1.62434e-07	0.00000e+00	0.00000e+00	1.21194e+00
6.753952328614e+15	4.87478e+14	1.00000e+00	2.22257e-01	6.43621e+07	1.00000e+00	3.16156e-09	1.84397e-25	1.70086e-07	0.00000e+00	0.00000e+00	1.21192e+00
7.241429941455e+15	4.56372e+14	1.00000e+00	2.31774e-01	6.17177e+07	1.00000e+00	3.30203e-09	1.91735e-25	1.78110e-07	0.00000e+00	0.00000e+00	1.21192e+00
7.697801604250e+15	4.26063e+14	1.00000e+00	2.41688e-01	5.91821e+07	1.00000e+00	3.44860e-09	1.99340e-25	1.86500e-07	0.00000e+00	0.00000e+00	1.21193e+00
8.123864800882e+15	3.97778e+14	1.00000e+00	2.52025e-01	5.67514e+07	1.00000e+00	3.60148e-09	2.07212e-25	1.95273e-07	0.00000e+00	0.00000e+00	1.21194e+00
8.521643001524e+15	3.71480e+14	1.00000e+00	2.62814e-01	5.44225e+07	1.00000e+00	3.76085e-09	2.15345e-25	2.04439e-07	0.00000e+00	0.00000e+00	1.21193e+00
8.893123161964e+15	3.47246e+14	1.00000e+00	2.74070e-01	5.21829e+07	1.00000e+00	3.92760e-09	2.23807e-25	2.14052e-07	0.00000e+00	0.00000e+00	1.21194e+00
9.240368792800e+15	3.23622e+14	1.00000e+00	2.85805e-01	5.00394e+07	1.00000e+00	4.10126e-09	2.32541e-25	2.24085e-07	0.00000e+00	0.00000e+00	1.21194e+00
9.563991043455e+15	3.02195e+14	1.00000e+00	2.97975e-01	4.79619e+07	1.00000e+00	4.28442e-09	2.41829e-25	2.34693e-07	0.00000e+00	0.00000e+00	1.21199e+00
9.866185562535e+15	2.79074e+14	1.00000e+00	3.10649e-01	4.59998e+07	1.00000e+00	4.47268e-09	2.51176e-25	2.45622e-07	0.00000e+00	0.00000e+00	1.21200e+00
1.014525980179e+16	2.61701e+14	1.00000e+00	3.23945e-01	4.41039e+07	1.00000e+00	4.67055e-09	2.60940e-25	2.57137e-07	0.00000e+00	0.00000e+00	1.21202e+00
1.040696106507e+16	2.43514e+14	1.00000e+00	3.37800e-01	4.22850e+07	1.00000e+00	4.87709e-09	2.71066e-25	2.69185e-07	0.00000e+00	0.00000e+00	1.21204e+00
1.065047526915e+16	2.26452e+14	1.00000e+00	3.52284e-01	4.05479e+07	1.00000e+00	5.09170e-09	2.81441e-25	2.81735e-07	0.00000e+00	0.00000e+00	1.21204e+00
1.087692758262e+16	2.11430e+14	1.00000e+00	3.67399e-01	3.88690e+07	1.00000e+00	5.31738e-09	2.92343e-25	2.94966e-07	0.00000e+00	0.00000e+00	1.21207e+00
1.108835773979e+16	1.95798e+14	1.00000e+00	3.83110e-01	3.72620e+07	1.00000e+00	5.55248e-09	3.03631e-25	3.08784e-07	0.00000e+00	0.00000e+00	1.21211e+00
1.128415549459e+16	1.81600e+14	1.00000e+00	3.99475e-01	3.57386e+07	1.00000e+00	5.79489e-09	3.15054e-25	3.23070e-07	0.00000e+00	0.00000e+00	1.21213e+00
1.146575594648e+16	1.70410e+14	1.00000e+00	4.16557e-01	3.42855e+07	1.00000e+00	6.04620e-09	3.26727e-25	3.37918e-07	0.00000e+00	0.00000e+00	1.21211e+00
1.163616571236e+16	1.60833e+14	1.00000e+00	4.35197e-01	3.28748e+07	1.00000e+00	6.31146e-09	3.38564e-25	3.53632e-07	0.00000e+00	0.00000e+00	1.21185e+00
1.179699859922e+16	1.49923e+14	1.00000e+00	4.54362e-01	3.14871e+07	1.00000e+00	6.59558e-09	3.51657e-25	3.70512e-07	0.00000e+00	0.00000e+00	1.21185e+00
1.194692190334e+16	1.36070e+14	1.00000e+00	4.73986e-01	3.01814e+07	1.00000e+00	6.88683e-09	3.64982e-25	3.87862e-07	0.00000e+00	0.00000e+00	1.21186e+00
1.208299173323e+16	1.25809e+14	1.00000e+00	4.94481e-01	2.89286e+07	1.00000e+00	7.19096e-09	3.78783e-25	4.06034e-07	0.00000e+00	0.00000e+00	1.21186e+00
1.220880086366e+16	1.16208e+14	1.00000e+00	5.15893e-01	2.77257e+07	1.00000e+00	7.50885e-09	3.93099e-25	4.25085e-07	0.00000e+00	0.00000e+00	1.21187e+00
1.232500918345e+16	1.07136e+14	1.00000e+00	5.38259e-01	2.65756e+07	1.00000e+00	7.83967e-09	4.07828e-25	4.44973e-07	0.00000e+00	0.00000e+00	1.21184e+00
1.243214529942e+16	9.90258e+13	1.00000e+00	5.61686e-01	2.54641e+07	1.00000e+00	8.18780e-09	4.23266e-25	4.65967e-07	0.00000e+00	0.00000e+00	1.21186e+00
1.253117107475e+16	9.07415e+13	1.00000e+00	5.86134e-01	2.44001e+07	1.00000e+00	8.55067e-09	4.39213e-25	4.87923e-07	0.00000e+00	0.00000e+00	1.21186e+00
1.262191252891e+16	8.32398e+13	1.00000e+00	6.11715e-01	2.33776e+07	1.00000e+00	8.93049e-09	4.55777e-25	5.10984e-07	0.00000e+00	0.00000e+00	1.21187e+00
1.270515230033e+16	7.61282e+13	1.00000e+00	6.38462e-01	2.23944e+07	1.00000e+00	9.32841e-09	4.73020e-25	5.35227e-07	0.00000e+00	0.00000e+00	1.21189e+00
1.278128049146e+16	6.93588e+13	1.00000e+00	6.66469e-01	2.14538e+07	1.00000e+00	9.74320e-09	4.90791e-25	5.60592e-07	0.00000e+00	0.00000e+00	1.21186e+00
1.285063932829e+16	6.32740e+13	1.00000e+00	6.95829e-01	2.05453e+07	1.00000e+00	1.01798e-08	5.09390e-25	5.87391e-07	0.00000e+00	0.00000e+00	1.21187e+00
1.291391333468e+16	5.72411e+13	1.00000e+00	7.26519e-01	1.96704e+07	1.00000e+00	1.06383e-08	5.28842e-25	6.15649e-07	0.00000e+00	0.00000e+00	1.21196e+00
1.297115446440e+16	5.14778e+13	1.00000e+00	7.58592e-01	1.88383e+07	1.00000e+00	1.11139e-08	5.48766e-25	6.45077e-07	0.00000e+00	0.00000e+00	1.21189e+00
1.302263221441e+16	4.66167e+13	1.00000e+00	7.92355e-01	1.80307e+07	1.00000e+00	1.16175e-08	5.69784e-25	6.76368e-07	0.00000e+00	0.00000e+00	1.21191e+00
1.306924894559e+16	4.16279e+13	1.00000e+00	8.27629e-01	1.72556e+07	1.00000e+00	1.21451e-08	5.91685e-25	7.09296e-07	0.00000e+00	0.00000e+00	1.21196e+00
1.311087682326e+16	3.70694e+13	1.00000e+00	8.64632e-01	1.65139e+07	1.00000e+00	1.26963e-08	6.14307e-25	7.43852e-07	0.00000e+00	0.00000e+00	1.21195e+00
1.314794626452e+16	3.30178e+13	1.00000e+00	9.03506e-01	1.57982e+07	1.00000e+00	1.32774e-08	6.38031e-25	7.80451e-07	0.00000e+00	0.00000e+00	1.21196e+00
1.318096402805e+16	2.91527e+13	1.00000e+00	9.44212e-01	1.51200e+07	1.00000e+00	1.38787e-08	6.62064e-25	8.18523e-07	0.00000e+00	0.00000e+00	1.21198e+00
1.321011671630e+16	2.59962e+13	1.00000e+00	9.87091e-01	1.44595e+07	1.00000e+00	1.45186e-08	6.87745e-25	8.59241e-07	0.00000e+00	0.00000e+00	1.21198e+00
1.323611290990e+16	2.27656e+13	1.00000e+00	1.03230e+00	1.38315e+07	1.00000e+00	1.51839e-08	7.13875e-25	9.01805e-07	0.00000e+00	0.00000e+00	1.21187e+00
1.325887850351e+16	2.00544e+13	1.00000e+00	1.07945e+00	1.32255e+07	1.00000e+00	1.58857e-08	7.41514e-25	9.46961e-07	0.00000e+00	0.00000e+00	1.21187e+00
1.327893291066e+16	1.75089e+13	1.00000e+00	1.12840e+00	1.26513e+07	1.00000e+00	1.66130e-08	7.69880e-25	9.94032e-07	0.00000e+00	0.00000e+00	1.21186e+00
1.329644185998e+16	1.54296e+13	1.00000e+00	1.17947e+00	1.21041e+07	1.00000e+00	1.73704e-08	7.99142e-25	1.04335e-06	0.00000e+00	0.00000e+00	1.21184e+00
1.331187149438e+16	1.36528e+13	1.00000e+00	1.23194e+00	1.15825e+07	1.00000e+00	1.81593e-08	8.29812e-25	1.09505e-06	0.00000e+00	0.00000e+00	1.21189e+00
1.332552432653e+16	1.21265e+13	1.00000e+00	1.28706e+00	1.10895e+07	1.00000e+00	1.89737e-08	8.60622e-25	1.14874e-06	0.00000e+00	0.00000e+00	1.21189e+00
1.333765082937e+16	1.09098e+13	1.00000e+00	1.34482e+00	1.06168e+07	1.00000e+00	1.98257e-08	8.92608e-25	1.20530e-06	0.00000e+00	0.00000e+00	1.21184e+00
1.334856058257e+16	9.80270e+12	1.00000e+00	1.40492e+00	1.01610e+07	1.00000e+00	2.07230e-08	9.26506e-25	1.26528e-06	0.00000e+00	0.00000e+00	1.21181e+00
1.335836328301e+16	8.74087e+12	1.00000e+00	1.46718e+00	9.73510e+06	1.00000e+00	2.16380e-08	9.60223e-25	1.32687e-06	0.00000e+00	0.00000e+00	1.21174e+00
1.336710415322e+16	7.99158e+12	1.00000e+00	1.53274e+00	9.32970e+06	1.00000e+00	2.25874e-08	9.94486e-25	1.39123e-06	0.00000e+00	0.00000e+00	1.21153e+00
1.337509573545e+16	7.35662e+12	1.00000e+00	1.60114e+00	8.93359e+06	1.00000e+00	2.35991e-08	1.03147e-24	1.46033e-06	0.00000e+00	0.00000e+00	1.21152e+00
1.338245235495e+16	6.63661e+12	1.00000e+00	1.67024e+00	8.54703e+06	1.00000e+00	2.46780e-08	1.07284e-24	1.53460e-06	0.00000e+00	0.00000e+00	1.21173e+00
1.338908896924e+16	5.86954e+12	1.00000e+00	1.74357e+00	8.21130e+06	1.00000e+00	2.56985e-08	1.10722e-24	1.60542e-06	0.00000e+00	0.00000e+00	1.21140e+00
1.339495851195e+16	5.74236e+12	1.00000e+00	1.82250e+00	7.85740e+06	1.00000e+00	2.68700e-08	1.14939e-24	1.68739e-06	0.00000e+00	0.00000e+00	1.21135e+00
1.340070087558e+16	5.09974e+12	1.00000e+00	1.90210e+00	7.52818e+06	1.00000e+00	2.80606e-08	1.19228e-24	1.77141e-06	0.00000e+00	0.00000e+00	1.21135e+00
1.340580061741e+16	4.66453e+12	1.00000e+00	1.98491e+00	7.21388e+06	1.00000e+00	2.93004e-08	1.23669e-24	1.85969e-06	0.00000e+00	0.00000e+00	1.21134e+00
1.341046515225e+16	4.28251e+12	1.00000e+00	2.07134e+00	6.91269e+06	1.00000e+00	3.05965e-08	1.28290e-24	1.95282e-06	0.00000e+00	0.00000e+00	1.21133e+00
1.341474766658e+16	3.93147e+12	1.00000e+00	2.16163e+00	6.62444e+06	1.00000e+00	3.19498e-08	1.33083e-24	2.05098e-06	0.00000e+00	0.00000e+00	1.21130e+00
1.341867913730e+16	3.61414e+12	1.00000e+00	2.25595e+00	6.34738e+06	1.00000e+00	3.33692e-08	1.38098e-24	2.15495e-06	0.00000e+00	0.00000e+00	1.21128e+00
1.342229328192e+16	3.31197e+12	1.00000e+00	2.35440e+00	6.08223e+06	1.00000e+00	3.48521e-08	1.43310e-24	2.26465e-06	0.00000e+00	0.00000e+00	1.21125e+00
1.342560524747e+16	3.03888e+12	1.00000e+00	2.45728e+00	5.82729e+06	1.00000e+00	3.64089e-08	1.48772e-24	2.38101e-06	0.00000e+00	0.00000e+00	1.21125e+00
1.342864412835e+16	2.77845e+12	1.00000e+00	2.56469e+00	5.58353e+06	1.00000e+00	3.80347e-08	1.54446e-24	2.50382e-06	0.00000e+00	0.00000e+00	1.21121e+00
1.343142258199e+16	2.54575e+12	1.00000e+00	2.67705e+00	5.34932e+06	1.00000e+00	3.97413e-08	1.60386e-24	2.63412e-06	0.00000e+00	0.00000e+00	1.21119e+00
1.343396832779e+16	2.32575e+12	1.00000e+00	2.79451e+00	5.12465e+06	1.00000e+00	4.15304e-08	1.66597e-24	2.77226e-06	0.00000e+00	0.00000e+00	1.21116e+00
1.343629407955e+16	2.12199e+12	1.00000e+00	2.91765e+00	4.90671e+06	1.00000e+00	4.34290e-08	1.73214e-24	2.92058e-06	0.00000e+00	0.00000e+00	1.21125e+00
1.343841607112e+16	1.91095e+12	1.00000e+00	3.04541e+00	4.70271e+06	1.00000e+00	4.53724e-08	1.79888e-24	3.07422e-06	0.00000e+00	0.00000e+00	1.21110e+00
1.344032701912e+16	1.76214e+12	1.00000e+00	3.18075e+00	4.50279e+06	1.00000e+00	4.74561e-08	1.87077e-24	3.24097e-06	0.00000e+00	0.00000e+00	1.21106e+00
1.344208915458e+16	1.58750e+12	1.00000e+00	3.32186e+00	4.30919e+06	1.00000e+00	4.96674e-08	1.94776e-24	3.42021e-06	0.00000e+00	0.00000e+00	1.21119e+00
1.344367665088e+16	1.41341e+12	1.00000e+00	3.46868e+00	4.12697e+06	1.00000e+00	5.19484e-08	2.02631e-24	3.60755e-06	0.00000e+00	0.00000e+00	1.21115e+00
1.344509005663e+16	1.28047e+12	1.00000e+00	3.62368e+00	3.95066e+06	1.00000e+00	5.43675e-08	2.10957e-24	3.80892e-06	0.00000e+00	0.00000e+00	1.21111e+00
1.344637052690e+16	1.14764e+12	1.00000e+00	3.78609e+00	3.78122e+06	1.00000e+00	5.69180e-08	2.19745e-24	4.02417e-06	0.00000e+00	0.00000e+00	1.21106e+00
1.344751816563e+16	1.02443e+12	1.00000e+00	3.95651e+00	3.61867e+06	1.00000e+00	5.96040e-08	2.28988e-24	4.25411e-06	0.00000e+00	0.00000e+00	1.21100e+00
1.344854259223e+16	9.12271e+11	1.00000e+00	4.13556e+00	3.46252e+06	1.00000e+00	6.24385e-08	2.38740e-24	4.50034e-06	0.00000e+00	0.00000e+00	1.21093e+00
1.344945486290e+16	8.09128e+11	1.00000e+00	4.32307e+00	3.31191e+06	1.00000e+00	6.54445e-08	2.49151e-24	4.76543e-06	0.00000e+00	0.00000e+00	1.21090e+00
1.345026399105e+16	7.11706e+11	1.00000e+00	4.51910e+00	3.16949e+06	1.00000e+00	6.85706e-08	2.59923e-24	5.04541e-06	0.00000e+00	0.00000e+00	1.21066e+00
1.345097569753e+16	6.33561e+11	1.00000e+00	4.72691e+00	3.03025e+06	1.00000e+00	7.19346e-08	2.71585e-24	5.35139e-06	0.00000e+00	0.00000e+00	1.21060e+00
1.345160925863e+16	5.51527e+11	1.00000e+00	4.94367e+00	2.89694e+06	1.00000e+00	7.54853e-08	2.83983e-24	5.67970e-06	0.00000e+00	0.00000e+00	1.21055e+00
1.345216078597e+16	4.79408e+11	1.00000e+00	5.17109e+00	2.76942e+06	1.00000e+00	7.92318e-08	2.97089e-24	6.03201e-06	0.00000e+00	0.00000e+00	1.21046e+00
1.345264019435e+16	4.16450e+11	1.00000e+00	5.41020e+00	2.64653e+06	1.00000e+00	8.32180e-08	3.11127e-24	6.41338e-06	0.00000e+00	0.00000e+00	1.21040e+00
1.345305664398e+16	3.58743e+11	1.00000e+00	5.66160e+00	2.52906e+06	1.00000e+00	8.74287e-08	3.25976e-24	6.82348e-06	0.00000e+00	0.00000e+00	1.21029e+00
1.345341538701e+16	3.08933e+11	1.00000e+00	5.93580e+00	2.41355e+06	1.00000e+00	9.20130e-08	3.41959e-24	7.27829e-06	0.00000e+00	0.00000e+00	1.21045e+00
1.345372432034e+16	2.58216e+11	1.00000e+00	6.20878e+00	2.30767e+06	1.00000e+00	9.66658e-08	3.58653e-24	7.74868e-06	0.00000e+00	0.00000e+00	1.20994e+00
1.345398253665e+16	2.25103e+11	1.00000e+00	6.50372e+00	2.20141e+06	1.00000e+00	1.01840e-07	3.77441e-24	8.28205e-06	0.00000e+00	0.00000e+00	1.20998e+00
1.345420763967e+16	1.86551e+11	1.00000e+00	6.82328e+00	2.10018e+06	1.00000e+00	1.07320e-07	3.96826e-24	8.85853e-06	0.00000e+00	0.00000e+00	1.21012e+00
1.345439419103e+16	1.54813e+11	1.00000e+00	7.15138e+00	2.00362e+06	1.00000e+00	1.13135e-07	4.18055e-24	9.48299e-06	0.00000e+00	0.00000e+00	1.21001e+00
1.345454900359e+16	1.28489e+11	1.00000e+00	7.48137e+00	1.91376e+06	1.00000e+00	1.19147e-07	4.40595e-24	1.01425e-05	0.00000e+00	0.00000e+00	1.20966e+00
1.345467749256e+16	1.09465e+11	1.00000e+00	7.84352e+00	1.82808e+06	1.00000e+00	1.25514e-07	4.63460e-24	1.08558e-05	0.00000e+00	0.00000e+00	1.20979e+00
1.345478695792e+16	9.34230e+10	1.00000e+00	8.20529e+00	1.74465e+06	1.00000e+00	1.32409e-07	4.90145e-24	1.16455e-05	0.00000e+00	0.00000e+00	1.20949e+00
1.345488038091e+16	7.81404e+10	1.00000e+00	8.57876e+00	1.66869e+06	1.00000e+00	1.39382e-07	5.16561e-24	1.24620e-05	0.00000e+00	0.00000e+00	1.20942e+00
1.345495852129e+16	6.86679e+10	1.00000e+00	8.97087e+00	1.59608e+06	1.00000e+00	1.46775e-07	5.44790e-24	1.33470e-05	0.00000e+00	0.00000e+00	1.20930e+00
1.345502718919e+16	6.03772e+10	1.00000e+00	9.37734e+00	1.52698e+06	1.00000e+00	1.54581e-07	5.75006e-24	1.43031e-05	0.00000e+00	0.00000e+00	1.20922e+00
1.345508756638e+16	5.33621e+10	1.00000e+00	9.79858e+00	1.46164e+06	1.00000e+00	1.62767e-07	6.07002e-24	1.53289e-05	0.00000e+00	0.00000e+00	1.20912e+00
1.345514092851e+16	4.77504e+10	1.00000e+00	1.02381e+01	1.39952e+06	1.00000e+00	1.71396e-07	6.41039e-24	1.64359e-05	0.00000e+00	0.00000e+00	1.20896e+00
1.345518867895e+16	4.30303e+10	1.00000e+00	1.06963e+01	1.33998e+06	1.00000e+00	1.80569e-07	6.77783e-24	1.76412e-05	0.00000e+00	0.00000e+00	1.20883e+00
1.345523170924e+16	3.87377e+10	1.00000e+00	1.11725e+01	1.28287e+06	1.00000e+00	1.90335e-07	7.17619e-24	1.89562e-05	0.00000e+00	0.00000e+00	1.20877e+00
1.345527044693e+16	3.48077e+10	1.00000e+00	1.16677e+01	1.22855e+06	1.00000e+00	2.00649e-07	7.60264e-24	2.03806e-05	0.00000e+00	0.00000e+00	1.20870e+00
1.345530525466e+16	3.14898e+10	1.00000e+00	1.21852e+01	1.17653e+06	1.00000e+00	2.11621e-07	8.06327e-24	2.19354e-05	0.00000e+00	0.00000e+00	1.20861e+00
1.345533674445e+16	2.84859e+10	1.00000e+00	1.27251e+01	1.12668e+06	1.00000e+00	2.23306e-07	8.56238e-24	2.36357e-05	0.00000e+00	0.00000e+00	1.20853e+00
1.345536523037e+16	2.57552e+10	1.00000e+00	1.32875e+01	1.07899e+06	1.00000e+00	2.35742e-07	9.10292e-24	2.54950e-05	0.00000e+00	0.00000e+00	1.20849e+00
1.345539098559e+16	2.33087e+10	1.00000e+00	1.38728e+01	1.03346e+06	1.00000e+00	2.48953e-07	9.68784e-24	2.75262e-05	0.00000e+00	0.00000e+00	1.20843e+00
1.345541429424e+16	2.11626e+10	1.00000e+00	1.44824e+01	9.89959e+05	1.00000e+00	2.63003e-07	1.03215e-23	2.97492e-05	0.00000e+00	0.00000e+00	1.20837e+00
1.345543545680e+16	1.92637e+10	1.00000e+00	1.51170e+01	9.48409e+05	1.00000e+00	2.77944e-07	1.10082e-23	3.21838e-05	1.40130e-45	0.00000e+00	1.20830e+00
1.345545472046e+16	1.75879e+10	1.00000e+00	1.57783e+01	9.08676e+05	1.00000e+00	2.93864e-07	1.17549e-23	3.48573e-05	2.80260e-45	0.00000e+00	1.20824e+00
1.345547230839e+16	1.60891e+10	1.00000e+00	1.64684e+01	8.70637e+05	1.00000e+00	3.10854e-07	1.25683e-23	3.78005e-05	7.00649e-45	0.00000e+00	1.20818e+00
1.345548839748e+16	1.47300e+10	1.00000e+00	1.71897e+01	8.34147e+05	1.00000e+00	3.29039e-07	1.34582e-23	4.10530e-05	1.82169e-44	0.00000e+00	1.20812e+00
1.345550312745e+16	1.34690e+10	1.00000e+00	1.79457e+01	7.99090e+05	1.00000e+00	3.48551e-07	1.44346e-23	4.46600e-05	4.34403e-44	0.00000e+00	1.20805e+00
1.345551659649e+16	1.22803e+10	1.00000e+00	1.87403e+01	7.64846e+05	1.00000e+00	3.69881e-07	1.55339e-23	4.87414e-05	1.09301e-43	0.00000e+00	1.20814e+00
1.345552887683e+16	1.09715e+10	1.00000e+00	1.95694e+01	7.32473e+05	1.00000e+00	3.92475e-07	1.67229e-23	5.32216e-05	2.69049e-43	0.00000e+00	1.20808e+00
1.345553984829e+16	9.92976e+09	1.00000e+00	2.04504e+01	7.01069e+05	1.00000e+00	4.17057e-07	1.80485e-23	5.82789e-05	6.78228e-43	0.00000e+00	1.20799e+00
1.345554977805e+16	8.86686e+09	1.00000e+00	2.13823e+01	6.70749e+05	1.00000e+00	4.43728e-07	1.95251e-23	6.39819e-05	1.73481e-42	0.00000e+00	1.20787e+00
1.345555864491e+16	7.84620e+09	1.00000e+00	2.23625e+01	6.41372e+05	1.00000e+00	4.72835e-07	2.11890e-23	7.04614e-05	4.54161e-42	0.00000e+00	1.20781e+00
1.345556649111e+16	6.85219e+09	1.00000e+00	2.33865e+01	6.13288e+05	1.00000e+00	5.04229e-07	2.30399e-23	7.77497e-05	1.20344e-41	0.00000e+00	1.20775e+00
1.345557334329e+16	5.98531e+09	1.00000e+00	2.44510e+01	5.86396e+05	9.99999e-01	5.38179e-07	2.51120e-23	8.59818e-05	3.24288e-41	0.00000e+00	1.20776e+00
1.345557932860e+16	5.22050e+09	1.00000e+00	2.55547e+01	5.61027e+05	9.99999e-01	5.74358e-07	2.73895e-23	9.51554e-05	8.77213e-41	0.00000e+00	1.20772e+00
1.345558454910e+16	4.61804e+09	1.00000e+00	2.67022e+01	5.36893e+05	9.99999e-01	6.13214e-07	2.99183e-23	1.05474e-04	2.40533e-40	0.00000e+00	1.20767e+00
1.345558916715e+16	4.10941e+09	1.00000e+00	2.78943e+01	5.13963e+05	9.99999e-01	6.54914e-07	3.27267e-23	1.17084e-04	6.68337e-40	0.00000e+00	1.20762e+00
1.345559327655e+16	3.68444e+09	1.00000e+00	2.91349e+01	4.92086e+05	9.99999e-01	6.99875e-07	3.58662e-23	1.30226e-04	1.89113e-39	0.00000e+00	1.20758e+00
1.345559696099e+16	3.31492e+09	1.00000e+00	3.04316e+01	4.71146e+05	9.99999e-01	7.48543e-07	3.93926e-23	1.45187e-04	5.46924e-39	0.00000e+00	1.20753e+00
1.345560027591e+16	2.98346e+09	1.00000e+00	3.17933e+01	4.50991e+05	9.99999e-01	8.01592e-07	4.33893e-23	1.62370e-04	1.62679e-38	0.00000e+00	1.20747e+00
1.345560325938e+16	2.67033e+09	1.00000e+00	3.32327e+01	4.31561e+05	9.99999e-01	8.59620e-07	4.79363e-23	1.82220e-04	4.98619e-38	0.00000e+00	1.20738e+00
1.345560592971e+16	2.37234e+09	1.00000e+00	3.47590e+01	4.12602e+05	9.99999e-01	9.24050e-07	5.32145e-23	2.05563e-04	1.59687e-37	0.00000e+00	1.20734e+00
1.345560830205e+16	2.06517e+09	1.00000e+00	3.64033e+01	3.93880e+05	9.99999e-01	9.96790e-07	5.94538e-23	2.33581e-04	5.42608e-37	0.00000e+00	1.20746e+00
1.345561036722e+16	1.73796e+09	1.00000e+00	3.81300e+01	3.76217e+05	9.99999e-01	1.07547e-06	6.65139e-23	2.65897e-04	1.84615e-36	0.00000e+00	1.20727e+00
1.345561210518e+16	1.48075e+09	1.00000e+00	4.00514e+01	3.58155e+05	9.99999e-01	1.16822e-06	7.52953e-23	3.06718e-04	6.93825e-36	0.00000e+00	1.20727e+00
1.345561358593e+16	1.17442e+09	1.00000e+00	4.20852e+01	3.40746e+05	9.99999e-01	1.27206e-06	8.57163e-23	3.55961e-04	2.65348e-35	0.00000e+00	1.20713e+00
1.345561476035e+16	9.19517e+08	1.00000e+00	4.42417e+01	3.24420e+05	9.99999e-01	1.38534e-06	9.76790e-23	4.14031e-04	9.81586e-35	0.00000e+00	1.20694e+00
1.345561567987e+16	7.30864e+08	1.00000e+00	4.65612e+01	3.08303e+05	9.99998e-01	1.51586e-06	1.12394e-22	4.86690e-04	3.69379e-34	0.00000e+00	1.20672e+00
1.345561641073e+16	5.59238e+08	1.00000e+00	4.89179e+01	2.93382e+05	9.99998e-01	1.65727e-06	1.29422e-22	5.72508e-04	1.27905e-33	0.00000e+00	1.20647e+00
1.345561696997e+16	4.39844e+08	1.00000e+00	5.13097e+01	2.79771e+05	9.99998e-01	1.80768e-06	1.48597e-22	6.72086e-04	3.98069e-33	0.00000e+00	1.20614e+00
1.345561740981e+16	3.61634e+08	1.00000e+00	5.37112e+01	2.67095e+05	9.99998e-01	1.97048e-06	1.70753e-22	7.89736e-04	1.14512e-32	0.00000e+00	1.20595e+00
1.345561777145e+16	3.04800e+08	1.00000e+00	5.61419e+01	2.55647e+05	9.99998e-01	2.14061e-06	1.95270e-22	9.23951e-04	2.98216e-32	0.00000e+00	1.20567e+00
1.345561807625e+16	2.72251e+08	1.00000e+00	5.86565e+01	2.44675e+05	9.99998e-01	2.32882e-06	2.24201e-22	1.08621e-03	7.53259e-32	0.00000e+00	1.20553e+00
1.345561834850e+16	2.42860e+08	1.00000e+00	6.12272e+01	2.34396e+05	9.99998e-01	2.53242e-06	2.57564e-22	1.27849e-03	1.82300e-31	0.00000e+00	1.20539e+00
1.345561859136e+16	2.21508e+08	1.00000e+00	6.38880e+01	2.24643e+05	9.99997e-01	2.75531e-06	2.96491e-22	1.50957e-03	4.30448e-31	0.00000e+00	1.20525e+00
1.345561881287e+16	2.04075e+08	1.00000e+00	6.66536e+01	2.15334e+05	9.99997e-01	3.00096e-06	3.42321e-22	1.78991e-03	1.00145e-30	0.00000e+00	1.20511e+00
1.345561901694e+16	1.88831e+08	1.00000e+00	6.95343e+01	2.06423e+05	9.99997e-01	3.27282e-06	3.96628e-22	2.13262e-03	2.30919e-30	0.00000e+00	1.20496e+00
1.345561920577e+16	1.74972e+08	1.00000e+00	7.25378e+01	1.97884e+05	9.99996e-01	3.57452e-06	4.61285e-22	2.55422e-03	5.29449e-30	0.00000e+00	1.20482e+00
1.345561938075e+16	1.62194e+08	1.00000e+00	7.56713e+01	1.89706e+05	9.99996e-01	3.90973e-06	5.38507e-22	3.07545e-03	1.20876e-29	0.00000e+00	1.20466e+00
1.345561954294e+16	1.50501e+08	1.00000e+00	7.89366e+01	1.81862e+05	9.99996e-01	4.28342e-06	6.31281e-22	3.72457e-03	2.75537e-29	0.00000e+00	1.20450e+00
1.345561969344e+16	1.39577e+08	1.00000e+00	8.23316e+01	1.74368e+05	9.99995e-01	4.69909e-06	7.42703e-22	4.53441e-03	6.25785e-29	0.00000e+00	1.20433e+00
1.345561983302e+16	1.29898e+08	1.00000e+00	8.58601e+01	1.67196e+05	9.99995e-01	5.16291e-06	8.77106e-22	5.55183e-03	1.41853e-28	0.00000e+00	1.20416e+00
1.345561996292e+16	1.21132e+08	1.00000e+00	8.95359e+01	1.60379e+05	9.99994e-01	5.67770e-06	1.03863e-21	6.82753e-03	3.19096e-28	0.00000e+00	1.20390e+00
1.345562008405e+16	1.13989e+08	1.00000e+00	9.33656e+01	1.53770e+05	9.99994e-01	6.26175e-06	1.23798e-21	8.46986e-03	7.23165e-28	0.00000e+00	1.20372e+00
1.345562019804e+16	1.06093e+08	1.00000e+00	9.73529e+01	1.47508e+05	9.99993e-01	6.91084e-06	1.47902e-21	1.05494e-02	1.61744e-27	0.00000e+00	1.20340e+00
1.345562030413e+16	9.99522e+07	1.00000e+00	1.01539e+02	1.41421e+05	9.99992e-01	7.65244e-06	1.77993e-21	1.32684e-02	3.63150e-27	0.00000e+00	1.20309e+00
1.345562040408e+16	9.28995e+07	1.00000e+00	1.05921e+02	1.35583e+05	9.99992e-01	8.49164e-06	2.15289e-21	1.68067e-02	8.05744e-27	0.00000e+00	1.20267e+00
1.345562049698e+16	8.63009e+07	1.00000e+00	1.10534e+02	1.29936e+05	9.99991e-01	9.45260e-06	2.62229e-21	2.14876e-02	1.76545e-26	0.00000e+00	1.20214e+00
1.345562058328e+16	7.94272e+07	1.00000e+00	1.15390e+02	1.24477e+05	9.99989e-01	1.05568e-05	3.21745e-21	2.77310e-02	3.77965e-26	0.00000e+00	1.20147e+00
1.345562066271e+16	7.24458e+07	1.00000e+00	1.20492e+02	1.19210e+05	9.99988e-01	1.18287e-05	3.97693e-21	3.61117e-02	7.79995e-26	0.00000e+00	1.20061e+00
1.345562073515e+16	6.55844e+07	1.00000e+00	1.25828e+02	1.14146e+05	9.99987e-01	1.32941e-05	4.94995e-21	4.73921e-02	1.52831e-25	0.00000e+00	1.19951e+00
1.345562080074e+16	5.91395e+07	1.00000e+00	1.31382e+02	1.09316e+05	9.99985e-01	1.49749e-05	6.19479e-21	6.25042e-02	2.80302e-25	0.00000e+00	1.19808e+00
1.345562085988e+16	5.35342e+07	1.00000e+00	1.37136e+02	1.04713e+05	9.99983e-01	1.69054e-05	7.79577e-21	8.27091e-02	4.79526e-25	0.00000e+00	1.19625e+00
1.345562091341e+16	4.87103e+07	1.00000e+00	1.43075e+02	1.00445e+05	9.99981e-01	1.90618e-05	9.80121e-21	1.08742e-01	7.58454e-25	0.00000e+00	1.19321e+00
1.345562096212e+16	4.58613e+07	1.00000e+00	1.49320e+02	9.63731e+04	9.99978e-01	2.15404e-05	1.23889e-20	1.42808e-01	1.13630e-24	0.00000e+00	1.18937e+00
1.345562100798e+16	4.34153e+07	1.00000e+00	1.55604e+02	9.23866e+04	9.99976e-01	2.44775e-05	1.58665e-20	1.88043e-01	1.64575e-24	0.00000e+00	1.18449e+00
1.345562105140e+16	4.02459e+07	1.00000e+00	1.62611e+02	8.88194e+04	9.99972e-01	2.76541e-05	2.00728e-20	2.41420e-01	2.26126e-24	0.00000e+00	1.17929e+00
1.345562109165e+16	4.00828e+07	1.00000e+00	1.69936e+02	8.51636e+04	9.99968e-01	3.16006e-05	2.60320e-20	3.11386e-01	3.11949e-24	0.00000e+00	1.17222e+00
1.345562113173e+16	3.73500e+07	1.00000e+00	1.77636e+02	8.18563e+04	9.99964e-01	3.59441e-05	3.34743e-20	3.89159e-01	4.20040e-24	0.00000e+00	1.16421e+00
1.345562116908e+16	3.69767e+07	1.00000e+00	1.86319e+02	7.87405e+04	9.99959e-01	4.08993e-05	4.30752e-20	4.74143e-01	5.64320e-24	0.00000e+00	1.15486e+00
1.345562120605e+16	3.73784e+07	1.00000e+00	1.94536e+02	7.52888e+04	9.99952e-01	4.76591e-05	5.83513e-20	5.77441e-01	8.06543e-24	0.00000e+00	1.14507e+00
1.345562124343e+16	3.26120e+07	1.00000e+00	2.02813e+02	7.24782e+04	9.99946e-01	5.44457e-05	7.59299e-20	6.63243e-01	1.11221e-23	0.00000e+00	1.13641e+00
1.345562127605e+16	3.36394e+07	1.00000e+00	2.12386e+02	6.96376e+04	9.99937e-01	6.28349e-05	1.00723e-19	7.45452e-01	1.59329e-23	0.00000e+00	1.12909e+00
1.345562130968e+16	3.29861e+07	1.00000e+00	2.21526e+02	6.68661e+04	9.99927e-01	7.29527e-05	1.35612e-19	8.16163e-01	2.34516e-23	0.00000e+00	1.12109e+00
1.345562134267e+16	3.18335e+07	1.00000e+00	2.31198e+02	6.42793e+04	9.99915e-01	8.46550e-05	1.82246e-19	8.70630e-01	3.48049e-23	0.00000e+00	1.11547e+00
1.345562137450e+16	3.16415e+07	1.00000e+00	2.40799e+02	6.17492e+04	9.99901e-01	9.88834e-05	2.48519e-19	9.12110e-01	5.28125e-23	0.00000e+00	1.11083e+00
1.345562140615e+16	3.08894e+07	1.00000e+00	2.52034e+02	5.94691e+04	9.99885e-01	1.14804e-04	3.34050e-19	9.39919e-01	7.88200e-23	0.00000e+00	1.10756e+00
1.345562143704e+16	3.22264e+07	1.00000e+00	2.62468e+02	5.68470e+04	9.99862e-01	1.37977e-04	4.83413e-19	9.62143e-01	1.28452e-22	0.00000e+00	1.10584e+00
1.345562146926e+16	2.79462e+07	1.00000e+00	2.72250e+02	5.47102e+04	9.99838e-01	1.62011e-04	6.67978e-19	9.73949e-01	1.94937e-22	0.00000e+00	1.10408e+00
1.345562149721e+16	2.86212e+07	1.00000e+00	2.83905e+02	5.26683e+04	9.99809e-01	1.90793e-04	9.27166e-19	9.81084e-01	2.94955e-22	0.00000e+00	1.10326e+00
1.345562152583e+16	2.95298e+07	1.00000e+00	2.96159e+02	5.05408e+04	9.99771e-01	2.28886e-04	1.33890e-18	9.85128e-01	4.61207e-22	0.00000e+00	1.10258e+00
1.345562155536e+16	2.80612e+07	1.00000e+00	3.08486e+02	4.85575e+04	9.99726e-01	2.74483e-04	1.93475e-18	9.86388e-01	7.09896e-22	0.00000e+00	1.10213e+00
1.345562158342e+16	2.74808e+07	1.00000e+00	3.21236e+02	4.66812e+04	9.99670e-01	3.29849e-04	2.81177e-18	9.85633e-01	1.08248e-21	0.00000e+00	1.10129e+00
1.345562161090e+16	2.73477e+07	1.00000e+00	3.34571e+02	4.48537e+04	9.99601e-01	3.99410e-04	4.15656e-18	9.83073e-01	1.65812e-21	0.00000e+00	1.10053e+00
1.345562163825e+16	2.68497e+07	1.00000e+00	3.48379e+02	4.30962e+04	9.99514e-01	4.86356e-04	6.22517e-18	9.78628e-01	2.54400e-21	0.00000e+00	1.09977e+00
1.345562166510e+16	2.63349e+07	1.00000e+00	3.62714e+02	4.14058e+04	9.99404e-01	5.95720e-04	9.45169e-18	9.71921e-01	3.92242e-21	0.00000e+00	1.09889e+00
1.345562169143e+16	2.58018e+07	1.00000e+00	3.77625e+02	3.97766e+04	9.99266e-01	7.34493e-04	1.45712e-17	9.62227e-01	6.10766e-21	0.00000e+00	1.09782e+00
1.345562171723e+16	2.51983e+07	1.00000e+00	3.93166e+02	3.82091e+04	9.99088e-01	9.11565e-04	2.28106e-17	9.48453e-01	9.64275e-21	0.00000e+00	1.09640e+00
1.345562174243e+16	2.45692e+07	1.00000e+00	4.09386e+02	3.66931e+04	9.98860e-01	1.14053e-03	3.63857e-17	9.28875e-01	1.55550e-20	0.00000e+00	1.09452e+00
1.345562176700e+16	2.37868e+07	1.00000e+00	4.26300e+02	3.52684e+04	9.98570e-01	1.42954e-03	5.83810e-17	9.02083e-01	2.54019e-20	0.00000e+00	1.09118e+00
1.345562179079e+16	2.35545e+07	1.00000e+00	4.43716e+02	3.38988e+04	9.98196e-01	1.80429e-03	9.52964e-17	8.65062e-01	4.26745e-20	0.00000e+00	1.08638e+00
1.345562181434e+16	2.33185e+07	1.00000e+00	4.63624e+02	3.25624e+04	9.97698e-01	2.30225e-03	1.59250e-16	8.14055e-01	7.48808e-20	0.00000e+00	1.08105e+00
1.345562183766e+16	2.27274e+07	1.00000e+00	4.84987e+02	3.12367e+04	9.97014e-01	2.98562e-03	2.76348e-16	7.44019e-01	1.40184e-19	0.00000e+00	1.07388e+00
1.345562186039e+16	2.14212e+07	1.00000e+00	5.08243e+02	3.00720e+04	9.96185e-01	3.81475e-03	4.65575e-16	6.63500e-01	2.61185e-19	0.00000e+00	1.06370e+00
1.345562188181e+16	2.21228e+07	1.00000e+00	5.33857e+02	2.87881e+04	9.94900e-01	5.10021e-03	9.30691e-16	5.53601e-01	6.16184e-19	0.00000e+00	1.05152e+00
1.345562190393e+16	1.98426e+07	1.00000e+00	5.60025e+02	2.76177e+04	9.93214e-01	6.78560e-03	1.84973e-15	4.39371e-01	1.51511e-18	0.00000e+00	1.03827e+00
1.345562192378e+16	1.87275e+07	1.00000e+00	5.88355e+02	2.64630e+04	9.90809e-01	9.19064e-03	3.84250e-15	3.24178e-01	4.16506e-18	0.00000e+00	1.02428e+00
1.345562194250e+16	1.71680e+07	1.00000e+00	6.18604e+02	2.53340e+04	9.87344e-01	1.26559e-02	8.31222e-15	2.21657e-01	1.27788e-17	0.00000e+00	1.01054e+00
1.345562195967e+16	1.54096e+07	1.00000e+00	6.50699e+02	2.42345e+04	9.82287e-01	1.77133e-02	1.87115e-14	1.40831e-01	4.35559e-17	0.00000e+00	9.97411e-01
1.345562197508e+16	1.35865e+07	1.00000e+00	6.84700e+02	2.31802e+04	9.74925e-01	2.50754e-02	4.33595e-14	8.43040e-02	1.60773e-16	0.00000e+00	9.84266e-01
1.345562198867e+16	1.19479e+07	1.00000e+00	7.21103e+02	2.21742e+04	9.64181e-01	3.58188e-02	1.03064e-13	4.81071e-02	6.31810e-16	0.00000e+00	9.69536e-01
1.345562200062e+16	1.05343e+07	1.00000e+00	7.60212e+02	2.12454e+04	9.49064e-01	5.09362e-02	2.43736e-13	2.69182e-02	2.49291e-15	0.00000e+00	9.51977e-01
1.345562201115e+16	9.63888e+06	1.00000e+00	8.04015e+02	2.03026e+04	9.25504e-01	7.44957e-02	6.25622e-13	1.39842e-02	1.12126e-14	0.00000e+00	9.28594e-01
1.345562202079e+16	8.30283e+06	1.00000e+00	8.50307e+02	1.95099e+04	8.95727e-01	1.04273e-01	1.46465e-12	7.63040e-03	4.31196e-14	0.00000e+00	8.97787e-01
1.345562202909e+16	8.17364e+06	1.00000e+00	9.06361e+02	1.87646e+04	8.55350e-01	1.44650e-01	3.42696e-12	4.10429e-03	1.62650e-13	0.00000e+00	8.56654e-01
1.345562203727e+16	8.23203e+06	1.00000e+00	9.69357e+02	1.79812e+04	7.94683e-01	2.05317e-01	8.94904e-12	2.00351e-03	6.90502e-13	0.00000e+00	7.95901e-01
1.345562204550e+16	7.55803e+06	1.00000e+00	1.04066e+03	1.73273e+04	7.25474e-01	2.74526e-01	2.08572e-11	1.04222e-03	2.33739e-12	0.00000e+00	7.29371e-01
1.345562205306e+16	8.01043e+06	1.00000e+00	1.12535e+03	1.67495e+04	6.48198e-01	3.51802e-01	4.59682e-11	5.54199e-04	6.74085e-12	0.00000e+00	6.46255e-01
1.345562206107e+16	9.28809e+06	1.00000e+00	1.23635e+03	1.61829e+04	5.58059e-01	4.41941e-01	1.02861e-10	2.83323e-04	1.84380e-11	0.00000e+00	5.54644e-01
1.345562207035e+16	1.06119e+07	1.00000e+00	1.36160e+03	1.56093e+04	4.56009e-01	5.43991e-01	2.42844e-10	1.34477e-04	4.92830e-11	0.00000e+00	4.55869e-01
1.345562208097e+16	1.15507e+07	1.00000e+00	1.49396e+03	1.51046e+04	3.62914e-01	6.37086e-01	5.37940e-10	6.53629e-05	1.14051e-10	0.00000e+00	3.64056e-01
1.345562209252e+16	1.38271e+07	1.00000e+00	1.63944e+03	1.46390e+04	2.80259e-01	7.19741e-01	1.15583e-09	3.16116e-05	2.46219e-10	0.00000e+00	2.82904e-01
1.345562210634e+16	1.73907e+07	1.00000e+00	1.78276e+03	1.41820e+04	2.07003e-01	7.92997e-01	2.57711e-09	1.43296e-05	5.28196e-10	0.00000e+00	2.06784e-01
1.345562212373e+16	2.15850e+07	1.00000e+00	1.92617e+03	1.37654e+04	1.50070e-01	8.49929e-01	5.49177e-09	6.52503e-06	1.08796e-09	0.00000e+00	1.49273e-01
1.345562214532e+16	2.85343e+07	1.00000e+00	2.05713e+03	1.33542e+04	1.04365e-01	8.95634e-01	1.20084e-08	2.78409e-06	2.31539e-09	0.00000e+00	1.03791e-01
1.345562217385e+16	3.70640e+07	1.00000e+00	2.17345e+03	1.29691e+04	7.09443e-02	9.29056e-01	2.57566e-08	1.16258e-06	4.97077e-09	0.00000e+00	7.14078e-02
1.345562221092e+16	4.99222e+07	1.00000e+00	2.27826e+03	1.26269e+04	4.81825e-02	9.51817e-01	5.25436e-08	4.88991e-07	1.03977e-08	0.00000e+00	4.83683e-02
1.345562226084e+16	7.36941e+07	1.00000e+00	2.37593e+03	1.22985e+04	3.16198e-02	9.68380e-01	1.07757e-07	1.94184e-07	2.29329e-08	0.00000e+00	3.18006e-02
1.345562233453e+16	1.10379e+08	1.00000e+00	2.45531e+03	1.19688e+04	1.93921e-02	9.80608e-01	2.33499e-07	6.80000e-08	5.78147e-08	0.00000e+00	1.95435e-02
1.345562244491e+16	1.60297e+08	1.00000e+00	2.53538e+03	1.17126e+04	1.23231e-02	9.87676e-01	4.45314e-07	2.66905e-08	1.41141e-07	0.00000e+00	1.24693e-02
1.345562260521e+16	2.93078e+08	1.00000e+00	2.60840e+03	1.14275e+04	6.80537e-03	9.93194e-01	9.50888e-07	8.13319e-09	4.99306e-07	0.00000e+00	7.01227e-03
1.345562289829e+16	4.69910e+08	1.00000e+00	2.67791e+03	1.11780e+04	3.70355e-03	9.96295e-01	1.79603e-06	2.32648e-09	2.00933e-06	0.00000e+00	3.82762e-03
1.345562336820e+16	8.42349e+08	1.00000e+00	2.75328e+03	1.08890e+04	2.00554e-03	9.97992e-01	2.77051e-06	4.91806e-10	7.93636e-06	0.00000e+00	2.12156e-03
1.345562421055e+16	1.26955e+09	1.00000e+00	2.83893e+03	1.05723e+04	1.16521e-03	9.98831e-01	3.23634e-06	8.42122e-11	2.29431e-05	0.00000e+00	1.27696e-03
1.345562548010e+16	1.69475e+09	1.00000e+00	2.93776e+03	1.02226e+04	6.61031e-04	9.99336e-01	3.09386e-06	1.10070e-11	5.70043e-05	0.00000e+00	7.65670e-04
1.345562717485e+16	1.98177e+09	1.00000e+00	3.06845e+03	9.82152e+03	2.91116e-04	9.99707e-01	2.30539e-06	9.18297e-13	1.49270e-04	0.00000e+00	3.83934e-04
1.345562915662e+16	1.98177e+09	1.00000e+00	3.24813e+03	9.25801e+03	5.69953e-05	9.99942e-01	1.35919e-06	4.23948e-14	3.22822e-04	0.00000e+00	1.43774e-04
