#elapsed time	time step 	scale cont	scalingDen	<T>	<H+/H rad>	<H0/H rad>	<2*H2/H rad>	<He+/He rad>	<CO/H>	<redshift>	<ne/nH>
0.000000000000e+00	0.00000e+00	1.00000e+00	1.40820e-01	1.00000e+08	1.00000e+00	2.00182e-09	1.22878e-25	1.04408e-07	0.00000e+00	0.00000e+00	1.20000e+00
0.000000000000e+00	0.00000e+00	1.00000e+00	1.40820e-01	1.00000e+08	1.00000e+00	2.00182e-09	1.22878e-25	1.04408e-07	0.00000e+00	0.00000e+00	1.20000e+00
0.000000000000e+00	0.00000e+00	1.00000e+00	1.40820e-01	1.00000e+08	1.00000e+00	2.00182e-09	1.22878e-25	1.04408e-07	0.00000e+00	0.00000e+00	1.20000e+00
1.650735968695e+12	3.30147e+12	1.00000e+00	1.40838e-01	9.99918e+07	1.00000e+00	2.00199e-09	1.22886e-25	1.04418e-07	0.00000e+00	0.00000e+00	1.19998e+00
4.952207906085e+12	6.60294e+12	1.00000e+00	1.40898e-01	1.00013e+08	1.00000e+00	2.00155e-09	1.22805e-25	1.04393e-07	0.00000e+00	0.00000e+00	1.19984e+00
1.155515178086e+13	1.32059e+13	1.00000e+00	1.40990e-01	9.99931e+07	1.00000e+00	2.00196e-09	1.22780e-25	1.04416e-07	0.00000e+00	0.00000e+00	1.19980e+00
2.476103953042e+13	2.64118e+13	1.00000e+00	1.41108e-01	9.99606e+07	1.00000e+00	2.00264e-09	1.22780e-25	1.04454e-07	0.00000e+00	0.00000e+00	1.19963e+00
5.117281502954e+13	5.28236e+13	1.00000e+00	1.41353e-01	9.97683e+07	1.00000e+00	2.00668e-09	1.23020e-25	1.04678e-07	0.00000e+00	0.00000e+00	1.19974e+00
1.039963660278e+14	1.05647e+14	1.00000e+00	1.41897e-01	9.94015e+07	1.00000e+00	2.01442e-09	1.23446e-25	1.05109e-07	0.00000e+00	0.00000e+00	1.19971e+00
2.096434680242e+14	2.11294e+14	1.00000e+00	1.42658e-01	9.84490e+07	1.00000e+00	2.03482e-09	1.25068e-25	1.06244e-07	0.00000e+00	0.00000e+00	1.20004e+00
4.209376720172e+14	4.22588e+14	1.00000e+00	1.45350e-01	9.70516e+07	1.00000e+00	2.06546e-09	1.26306e-25	1.07951e-07	0.00000e+00	0.00000e+00	1.19997e+00
8.435260800031e+14	8.45177e+14	1.00000e+00	1.50196e-01	9.38487e+07	1.00000e+00	2.13920e-09	1.30600e-25	1.12063e-07	0.00000e+00	0.00000e+00	1.19976e+00
1.688702895975e+15	9.90580e+14	1.00000e+00	1.56568e-01	9.00429e+07	1.00000e+00	2.23371e-09	1.35907e-25	1.17345e-07	0.00000e+00	0.00000e+00	1.19973e+00
2.679283325801e+15	9.37467e+14	1.00000e+00	1.63248e-01	8.63592e+07	1.00000e+00	2.33321e-09	1.41471e-25	1.22918e-07	0.00000e+00	0.00000e+00	1.19973e+00
3.616750745905e+15	8.79108e+14	1.00000e+00	1.70199e-01	8.28318e+07	1.00000e+00	2.43688e-09	1.47228e-25	1.28738e-07	0.00000e+00	0.00000e+00	1.19973e+00
4.495858788207e+15	8.25733e+14	1.00000e+00	1.77447e-01	7.94488e+07	1.00000e+00	2.54504e-09	1.53191e-25	1.34825e-07	0.00000e+00	0.00000e+00	1.19973e+00
5.321592236012e+15	7.75683e+14	1.00000e+00	1.85005e-01	7.62032e+07	1.00000e+00	2.65793e-09	1.59371e-25	1.41192e-07	0.00000e+00	0.00000e+00	1.19973e+00
6.097275102849e+15	7.28490e+14	1.00000e+00	1.92885e-01	7.30900e+07	1.00000e+00	2.77571e-09	1.65773e-25	1.47850e-07	0.00000e+00	0.00000e+00	1.19973e+00
6.825764871128e+15	6.84113e+14	1.00000e+00	2.01102e-01	7.01039e+07	1.00000e+00	2.89860e-09	1.72403e-25	1.54813e-07	0.00000e+00	0.00000e+00	1.19973e+00
7.509877642031e+15	6.42439e+14	1.00000e+00	2.09669e-01	6.72393e+07	1.00000e+00	3.02683e-09	1.79270e-25	1.62096e-07	0.00000e+00	0.00000e+00	1.19973e+00
8.152316703895e+15	6.03174e+14	1.00000e+00	2.18602e-01	6.44918e+07	1.00000e+00	3.16060e-09	1.86382e-25	1.69710e-07	0.00000e+00	0.00000e+00	1.19973e+00
8.755490988214e+15	5.66340e+14	1.00000e+00	2.27916e-01	6.18561e+07	1.00000e+00	3.30018e-09	1.93747e-25	1.77672e-07	0.00000e+00	0.00000e+00	1.19973e+00
9.321830725335e+15	5.31640e+14	1.00000e+00	2.37627e-01	5.93283e+07	1.00000e+00	3.44577e-09	2.01371e-25	1.85997e-07	0.00000e+00	0.00000e+00	1.19973e+00
9.853471036555e+15	4.99107e+14	1.00000e+00	2.47754e-01	5.69033e+07	1.00000e+00	3.59766e-09	2.09266e-25	1.94702e-07	0.00000e+00	0.00000e+00	1.19973e+00
1.035257816850e+16	4.68477e+14	1.00000e+00	2.58313e-01	5.45773e+07	1.00000e+00	3.75612e-09	2.17440e-25	2.03804e-07	0.00000e+00	0.00000e+00	1.19973e+00
1.082105484852e+16	4.39691e+14	1.00000e+00	2.69322e-01	5.23464e+07	1.00000e+00	3.92141e-09	2.25902e-25	2.13321e-07	0.00000e+00	0.00000e+00	1.19973e+00
1.126074544917e+16	4.12684e+14	1.00000e+00	2.80803e-01	5.02063e+07	1.00000e+00	4.09384e-09	2.34662e-25	2.23272e-07	0.00000e+00	0.00000e+00	1.19973e+00
1.167342984848e+16	3.87254e+14	1.00000e+00	2.92773e-01	4.81536e+07	1.00000e+00	4.27369e-09	2.43729e-25	2.33675e-07	0.00000e+00	0.00000e+00	1.19973e+00
1.206068357572e+16	3.63380e+14	1.00000e+00	3.05254e-01	4.61847e+07	1.00000e+00	4.46126e-09	2.53112e-25	2.44551e-07	0.00000e+00	0.00000e+00	1.19973e+00
1.242406397544e+16	3.40960e+14	1.00000e+00	3.18268e-01	4.42962e+07	1.00000e+00	4.65691e-09	2.62821e-25	2.55922e-07	0.00000e+00	0.00000e+00	1.19973e+00
1.276502447215e+16	3.19898e+14	1.00000e+00	3.31838e-01	4.24847e+07	1.00000e+00	4.86096e-09	2.72870e-25	2.67810e-07	0.00000e+00	0.00000e+00	1.19973e+00
1.308492256160e+16	3.00105e+14	1.00000e+00	3.45988e-01	4.07473e+07	1.00000e+00	5.07375e-09	2.83265e-25	2.80239e-07	0.00000e+00	0.00000e+00	1.19973e+00
1.338502711475e+16	2.81536e+14	1.00000e+00	3.60743e-01	3.90807e+07	1.00000e+00	5.29568e-09	2.94022e-25	2.93234e-07	0.00000e+00	0.00000e+00	1.19973e+00
1.366656284689e+16	2.64059e+14	1.00000e+00	3.76127e-01	3.74823e+07	1.00000e+00	5.52709e-09	3.05149e-25	3.06818e-07	0.00000e+00	0.00000e+00	1.19973e+00
1.393062197763e+16	2.47694e+14	1.00000e+00	3.92170e-01	3.59491e+07	1.00000e+00	5.76845e-09	3.16663e-25	3.21021e-07	0.00000e+00	0.00000e+00	1.19973e+00
1.417831597913e+16	2.32299e+14	1.00000e+00	4.08898e-01	3.44784e+07	1.00000e+00	6.02012e-09	3.28573e-25	3.35873e-07	0.00000e+00	0.00000e+00	1.19973e+00
1.441061543035e+16	2.17838e+14	1.00000e+00	4.26339e-01	3.30678e+07	1.00000e+00	6.28256e-09	3.40896e-25	3.51401e-07	0.00000e+00	0.00000e+00	1.19973e+00
1.462845373747e+16	2.04272e+14	1.00000e+00	4.44527e-01	3.17149e+07	1.00000e+00	6.55620e-09	3.53638e-25	3.67636e-07	0.00000e+00	0.00000e+00	1.19973e+00
1.483272565578e+16	1.91540e+14	1.00000e+00	4.63492e-01	3.04173e+07	1.00000e+00	6.84158e-09	3.66825e-25	3.84614e-07	0.00000e+00	0.00000e+00	1.19973e+00
1.502426578287e+16	1.79592e+14	1.00000e+00	4.83268e-01	2.91725e+07	1.00000e+00	7.13918e-09	3.80467e-25	4.02370e-07	0.00000e+00	0.00000e+00	1.19973e+00
1.520385802241e+16	1.68358e+14	1.00000e+00	5.03889e-01	2.79787e+07	1.00000e+00	7.44946e-09	3.94576e-25	4.20938e-07	0.00000e+00	0.00000e+00	1.19973e+00
1.537221603460e+16	1.57827e+14	1.00000e+00	5.25392e-01	2.68336e+07	1.00000e+00	7.77298e-09	4.09169e-25	4.40358e-07	0.00000e+00	0.00000e+00	1.19973e+00
1.553004256619e+16	1.47946e+14	1.00000e+00	5.47814e-01	2.57353e+07	1.00000e+00	8.11033e-09	4.24262e-25	4.60670e-07	0.00000e+00	0.00000e+00	1.19973e+00
1.567798846553e+16	1.38665e+14	1.00000e+00	5.71195e-01	2.46819e+07	1.00000e+00	8.46208e-09	4.39875e-25	4.81917e-07	0.00000e+00	0.00000e+00	1.19973e+00
1.581665370253e+16	1.29956e+14	1.00000e+00	5.95576e-01	2.36716e+07	1.00000e+00	8.82880e-09	4.56023e-25	5.04142e-07	0.00000e+00	0.00000e+00	1.19973e+00
1.594660999588e+16	1.21794e+14	1.00000e+00	6.21001e-01	2.27024e+07	1.00000e+00	9.21120e-09	4.72727e-25	5.27398e-07	0.00000e+00	0.00000e+00	1.19973e+00
1.606840431540e+16	1.14120e+14	1.00000e+00	6.47511e-01	2.17729e+07	1.00000e+00	9.60991e-09	4.90003e-25	5.51730e-07	0.00000e+00	0.00000e+00	1.19973e+00
1.618252478968e+16	1.06930e+14	1.00000e+00	6.75156e-01	2.08814e+07	1.00000e+00	1.00256e-08	5.07875e-25	5.77192e-07	0.00000e+00	0.00000e+00	1.19973e+00
1.628945492157e+16	1.00182e+14	1.00000e+00	7.03984e-01	2.00263e+07	1.00000e+00	1.04591e-08	5.26362e-25	6.03843e-07	0.00000e+00	0.00000e+00	1.19973e+00
1.638963700352e+16	9.38498e+13	1.00000e+00	7.34046e-01	1.92062e+07	1.00000e+00	1.09110e-08	5.45482e-25	6.31735e-07	0.00000e+00	0.00000e+00	1.19973e+00
1.648348681911e+16	8.79202e+13	1.00000e+00	7.65395e-01	1.84196e+07	1.00000e+00	1.13823e-08	5.65268e-25	6.60940e-07	0.00000e+00	0.00000e+00	1.19973e+00
1.657140697286e+16	8.23453e+13	1.00000e+00	7.98084e-01	1.76651e+07	1.00000e+00	1.18737e-08	5.85739e-25	6.91519e-07	0.00000e+00	0.00000e+00	1.19973e+00
1.665375224422e+16	7.71218e+13	1.00000e+00	8.32173e-01	1.69415e+07	1.00000e+00	1.23861e-08	6.06924e-25	7.23540e-07	0.00000e+00	0.00000e+00	1.19973e+00
1.673087406060e+16	7.22239e+13	1.00000e+00	8.67721e-01	1.62474e+07	1.00000e+00	1.29206e-08	6.28854e-25	7.57083e-07	0.00000e+00	0.00000e+00	1.19973e+00
1.680309795637e+16	6.76262e+13	1.00000e+00	9.04791e-01	1.55818e+07	1.00000e+00	1.34778e-08	6.51538e-25	7.92221e-07	0.00000e+00	0.00000e+00	1.19973e+00
1.687072411720e+16	6.33228e+13	1.00000e+00	9.43451e-01	1.49433e+07	1.00000e+00	1.40590e-08	6.75024e-25	8.29042e-07	0.00000e+00	0.00000e+00	1.19973e+00
1.693404692949e+16	5.92806e+13	1.00000e+00	9.83766e-01	1.43310e+07	1.00000e+00	1.46651e-08	6.99331e-25	8.67632e-07	0.00000e+00	0.00000e+00	1.19972e+00
1.699332752422e+16	5.54949e+13	1.00000e+00	1.02581e+00	1.37436e+07	1.00000e+00	1.52972e-08	7.24497e-25	9.08089e-07	0.00000e+00	0.00000e+00	1.19972e+00
1.704882244974e+16	5.19427e+13	1.00000e+00	1.06965e+00	1.31803e+07	1.00000e+00	1.59565e-08	7.50553e-25	9.50511e-07	0.00000e+00	0.00000e+00	1.19972e+00
1.710076510901e+16	4.86126e+13	1.00000e+00	1.11537e+00	1.26400e+07	1.00000e+00	1.66441e-08	7.77536e-25	9.95000e-07	0.00000e+00	0.00000e+00	1.19972e+00
1.714937767560e+16	4.54948e+13	1.00000e+00	1.16306e+00	1.21218e+07	1.00000e+00	1.73615e-08	8.05488e-25	1.04168e-06	0.00000e+00	0.00000e+00	1.19972e+00
1.719487242620e+16	4.25678e+13	1.00000e+00	1.21278e+00	1.16248e+07	1.00000e+00	1.81099e-08	8.34442e-25	1.09067e-06	0.00000e+00	0.00000e+00	1.19972e+00
1.723744020313e+16	3.98248e+13	1.00000e+00	1.26464e+00	1.11481e+07	1.00000e+00	1.88906e-08	8.64444e-25	1.14208e-06	0.00000e+00	0.00000e+00	1.19972e+00
1.727726505147e+16	3.72567e+13	1.00000e+00	1.31872e+00	1.06910e+07	1.00000e+00	1.97051e-08	8.95533e-25	1.19607e-06	0.00000e+00	0.00000e+00	1.19972e+00
1.731452172126e+16	3.48504e+13	1.00000e+00	1.37512e+00	1.02525e+07	1.00000e+00	2.05551e-08	9.27764e-25	1.25278e-06	0.00000e+00	0.00000e+00	1.19972e+00
1.734937209347e+16	3.25925e+13	1.00000e+00	1.43394e+00	9.83194e+06	1.00000e+00	2.14421e-08	9.61185e-25	1.31236e-06	0.00000e+00	0.00000e+00	1.19972e+00
1.738196460261e+16	3.04801e+13	1.00000e+00	1.49529e+00	9.42856e+06	1.00000e+00	2.23680e-08	9.95863e-25	1.37498e-06	0.00000e+00	0.00000e+00	1.19972e+00
1.741244471372e+16	2.84978e+13	1.00000e+00	1.55927e+00	9.04167e+06	1.00000e+00	2.33344e-08	1.03184e-24	1.44081e-06	0.00000e+00	0.00000e+00	1.19972e+00
1.744094247089e+16	2.66401e+13	1.00000e+00	1.62599e+00	8.67066e+06	1.00000e+00	2.43432e-08	1.06917e-24	1.51005e-06	0.00000e+00	0.00000e+00	1.19972e+00
1.746758252409e+16	2.49034e+13	1.00000e+00	1.69559e+00	8.31482e+06	1.00000e+00	2.53963e-08	1.10792e-24	1.58291e-06	0.00000e+00	0.00000e+00	1.19972e+00
1.749248597282e+16	2.32763e+13	1.00000e+00	1.76817e+00	7.97349e+06	1.00000e+00	2.64962e-08	1.14817e-24	1.65961e-06	0.00000e+00	0.00000e+00	1.19972e+00
1.751576228545e+16	2.17497e+13	1.00000e+00	1.84387e+00	7.64618e+06	1.00000e+00	2.76446e-08	1.18997e-24	1.74036e-06	0.00000e+00	0.00000e+00	1.19972e+00
1.753751195663e+16	2.03232e+13	1.00000e+00	1.92282e+00	7.33220e+06	1.00000e+00	2.88443e-08	1.23342e-24	1.82546e-06	0.00000e+00	0.00000e+00	1.19972e+00
1.755783511537e+16	1.89841e+13	1.00000e+00	2.00517e+00	7.03110e+06	1.00000e+00	3.00975e-08	1.27859e-24	1.91513e-06	0.00000e+00	0.00000e+00	1.19972e+00
1.757681923027e+16	1.77319e+13	1.00000e+00	2.09106e+00	6.74230e+06	1.00000e+00	3.14069e-08	1.32557e-24	2.00969e-06	0.00000e+00	0.00000e+00	1.19972e+00
1.759455110532e+16	1.65591e+13	1.00000e+00	2.18064e+00	6.46532e+06	1.00000e+00	3.27752e-08	1.37446e-24	2.10944e-06	0.00000e+00	0.00000e+00	1.19972e+00
1.761111024230e+16	1.54611e+13	1.00000e+00	2.27408e+00	6.19970e+06	1.00000e+00	3.42053e-08	1.42534e-24	2.21472e-06	0.00000e+00	0.00000e+00	1.19972e+00
1.762657130980e+16	1.44347e+13	1.00000e+00	2.37154e+00	5.94491e+06	1.00000e+00	3.57007e-08	1.47835e-24	2.32590e-06	0.00000e+00	0.00000e+00	1.19972e+00
1.764100596565e+16	1.34721e+13	1.00000e+00	2.47320e+00	5.70057e+06	1.00000e+00	3.72641e-08	1.53358e-24	2.44335e-06	0.00000e+00	0.00000e+00	1.19972e+00
1.765447802962e+16	1.25720e+13	1.00000e+00	2.57939e+00	5.46697e+06	1.00000e+00	3.88939e-08	1.59073e-24	2.56704e-06	0.00000e+00	0.00000e+00	1.19967e+00
1.766705001388e+16	1.17691e+13	1.00000e+00	2.69029e+00	5.24171e+06	1.00000e+00	4.06081e-08	1.65090e-24	2.69856e-06	0.00000e+00	0.00000e+00	1.19967e+00
1.767881914901e+16	1.09544e+13	1.00000e+00	2.80569e+00	5.02606e+06	1.00000e+00	4.23987e-08	1.71362e-24	2.83748e-06	0.00000e+00	0.00000e+00	1.19967e+00
1.768977359224e+16	1.02125e+13	1.00000e+00	2.92606e+00	4.81938e+06	1.00000e+00	4.42716e-08	1.77904e-24	2.98446e-06	0.00000e+00	0.00000e+00	1.19967e+00
1.769998606604e+16	9.52534e+12	1.00000e+00	3.05164e+00	4.62103e+06	1.00000e+00	4.62335e-08	1.84748e-24	3.14027e-06	0.00000e+00	0.00000e+00	1.19967e+00
1.770951140143e+16	8.87685e+12	1.00000e+00	3.18262e+00	4.43087e+06	1.00000e+00	4.82875e-08	1.91901e-24	3.30537e-06	0.00000e+00	0.00000e+00	1.19967e+00
1.771838824747e+16	8.27317e+12	1.00000e+00	3.31926e+00	4.24845e+06	1.00000e+00	5.04395e-08	1.99387e-24	3.48051e-06	0.00000e+00	0.00000e+00	1.19967e+00
1.772666141574e+16	7.70725e+12	1.00000e+00	3.46182e+00	4.07355e+06	1.00000e+00	5.26938e-08	2.07222e-24	3.66633e-06	0.00000e+00	0.00000e+00	1.19967e+00
1.773436866977e+16	7.18043e+12	1.00000e+00	3.61055e+00	3.90575e+06	1.00000e+00	5.50576e-08	2.15437e-24	3.86375e-06	0.00000e+00	0.00000e+00	1.19967e+00
1.774154910311e+16	6.68534e+12	1.00000e+00	3.76570e+00	3.74485e+06	1.00000e+00	5.75356e-08	2.24047e-24	4.07349e-06	0.00000e+00	0.00000e+00	1.19966e+00
1.774823444667e+16	6.22373e+12	1.00000e+00	3.92757e+00	3.59051e+06	1.00000e+00	6.01351e-08	2.33086e-24	4.29656e-06	0.00000e+00	0.00000e+00	1.19967e+00
1.775445817325e+16	5.79151e+12	1.00000e+00	4.09644e+00	3.44251e+06	1.00000e+00	6.28623e-08	2.42576e-24	4.53390e-06	0.00000e+00	0.00000e+00	1.19966e+00
1.776024968743e+16	5.38846e+12	1.00000e+00	4.27265e+00	3.30058e+06	1.00000e+00	6.57246e-08	2.52548e-24	4.78660e-06	0.00000e+00	0.00000e+00	1.19966e+00
1.776563814328e+16	5.01238e+12	1.00000e+00	4.45650e+00	3.16437e+06	1.00000e+00	6.87321e-08	2.63050e-24	5.05606e-06	0.00000e+00	0.00000e+00	1.19966e+00
1.777065052338e+16	4.65784e+12	1.00000e+00	4.64828e+00	3.03384e+06	1.00000e+00	7.18884e-08	2.74089e-24	5.34305e-06	0.00000e+00	0.00000e+00	1.19966e+00
1.777530836139e+16	4.33045e+12	1.00000e+00	4.84845e+00	2.90861e+06	1.00000e+00	7.52067e-08	2.85727e-24	5.64944e-06	0.00000e+00	0.00000e+00	1.19966e+00
1.777963880904e+16	4.02296e+12	1.00000e+00	5.05731e+00	2.78849e+06	1.00000e+00	7.86954e-08	2.98003e-24	5.97667e-06	0.00000e+00	0.00000e+00	1.19966e+00
1.778366177255e+16	3.73582e+12	1.00000e+00	5.27524e+00	2.67330e+06	1.00000e+00	8.23647e-08	3.10961e-24	6.32643e-06	0.00000e+00	0.00000e+00	1.19966e+00
1.778739759439e+16	3.46788e+12	1.00000e+00	5.50265e+00	2.56282e+06	1.00000e+00	8.62258e-08	3.24654e-24	6.70059e-06	0.00000e+00	0.00000e+00	1.19966e+00
1.779086547864e+16	3.21780e+12	1.00000e+00	5.74000e+00	2.45688e+06	1.00000e+00	9.02897e-08	3.39131e-24	7.10109e-06	0.00000e+00	0.00000e+00	1.19966e+00
1.779408327371e+16	2.98511e+12	1.00000e+00	5.98770e+00	2.35523e+06	1.00000e+00	9.45725e-08	3.54470e-24	7.53047e-06	0.00000e+00	0.00000e+00	1.19966e+00
1.779706838053e+16	2.76645e+12	1.00000e+00	6.24618e+00	2.25779e+06	1.00000e+00	9.90830e-08	3.70715e-24	7.99073e-06	0.00000e+00	0.00000e+00	1.19966e+00
1.779983483307e+16	2.56409e+12	1.00000e+00	6.51600e+00	2.16430e+06	1.00000e+00	1.03840e-07	3.87958e-24	8.48498e-06	0.00000e+00	0.00000e+00	1.19966e+00
1.780239891957e+16	2.37444e+12	1.00000e+00	6.79760e+00	2.07465e+06	1.00000e+00	1.08859e-07	4.06271e-24	9.01602e-06	0.00000e+00	0.00000e+00	1.19966e+00
1.780477336357e+16	2.19784e+12	1.00000e+00	7.09156e+00	1.98867e+06	1.00000e+00	1.14154e-07	4.25736e-24	9.58706e-06	0.00000e+00	0.00000e+00	1.19965e+00
1.780697120046e+16	2.03350e+12	1.00000e+00	7.39841e+00	1.90620e+06	1.00000e+00	1.19748e-07	4.46465e-24	1.02020e-05	0.00000e+00	0.00000e+00	1.19965e+00
1.780900470360e+16	1.87991e+12	1.00000e+00	7.71871e+00	1.82710e+06	1.00000e+00	1.25658e-07	4.68551e-24	1.08646e-05	0.00000e+00	0.00000e+00	1.19965e+00
1.781088461626e+16	1.73705e+12	1.00000e+00	8.05314e+00	1.75127e+06	1.00000e+00	1.31904e-07	4.92097e-24	1.15790e-05	0.00000e+00	0.00000e+00	1.19965e+00
1.781262166540e+16	1.60458e+12	1.00000e+00	8.40236e+00	1.67850e+06	1.00000e+00	1.38513e-07	5.17255e-24	1.23507e-05	0.00000e+00	0.00000e+00	1.19965e+00
1.781422624085e+16	1.48052e+12	1.00000e+00	8.76686e+00	1.60869e+06	1.00000e+00	1.45510e-07	5.44180e-24	1.31852e-05	0.00000e+00	0.00000e+00	1.19965e+00
1.781570676140e+16	1.36469e+12	1.00000e+00	9.14744e+00	1.54180e+06	1.00000e+00	1.52916e-07	5.72969e-24	1.40876e-05	0.00000e+00	0.00000e+00	1.19964e+00
1.781707144776e+16	1.25821e+12	1.00000e+00	9.54500e+00	1.47760e+06	1.00000e+00	1.60770e-07	6.03869e-24	1.50662e-05	0.00000e+00	0.00000e+00	1.19964e+00
1.781832966162e+16	1.15830e+12	1.00000e+00	9.96007e+00	1.41603e+06	1.00000e+00	1.69101e-07	6.37051e-24	1.61279e-05	0.00000e+00	0.00000e+00	1.19964e+00
1.781948796650e+16	1.06551e+12	1.00000e+00	1.03935e+01	1.35697e+06	1.00000e+00	1.77942e-07	6.72727e-24	1.72812e-05	0.00000e+00	0.00000e+00	1.19964e+00
1.782055348095e+16	9.79332e+11	1.00000e+00	1.08463e+01	1.30036e+06	1.00000e+00	1.87327e-07	7.11103e-24	1.85351e-05	0.00000e+00	0.00000e+00	1.19963e+00
1.782153281259e+16	8.99859e+11	1.00000e+00	1.13193e+01	1.24602e+06	1.00000e+00	1.97311e-07	7.52534e-24	1.99022e-05	0.00000e+00	0.00000e+00	1.19964e+00
1.782243267160e+16	8.25293e+11	1.00000e+00	1.18133e+01	1.19393e+06	1.00000e+00	2.07924e-07	7.97242e-24	2.13925e-05	0.00000e+00	0.00000e+00	1.19963e+00
1.782325796492e+16	7.56608e+11	1.00000e+00	1.23295e+01	1.14395e+06	1.00000e+00	2.19223e-07	8.45598e-24	2.30207e-05	0.00000e+00	0.00000e+00	1.19963e+00
1.782401457315e+16	6.92821e+11	1.00000e+00	1.28688e+01	1.09603e+06	1.00000e+00	2.31259e-07	8.97971e-24	2.48020e-05	0.00000e+00	0.00000e+00	1.19963e+00
1.782470739383e+16	6.33729e+11	1.00000e+00	1.34323e+01	1.05005e+06	1.00000e+00	2.44094e-07	9.54815e-24	2.67543e-05	0.00000e+00	0.00000e+00	1.19962e+00
1.782534112308e+16	5.78904e+11	1.00000e+00	1.40211e+01	1.00596e+06	1.00000e+00	2.57783e-07	1.01654e-23	2.88960e-05	0.00000e+00	0.00000e+00	1.19962e+00
1.782592002715e+16	5.28407e+11	1.00000e+00	1.46366e+01	9.63672e+05	1.00000e+00	2.72398e-07	1.08369e-23	3.12502e-05	0.00000e+00	0.00000e+00	1.19962e+00
1.782644843419e+16	4.81635e+11	1.00000e+00	1.52799e+01	9.23113e+05	1.00000e+00	2.88017e-07	1.15688e-23	3.38425e-05	0.00000e+00	0.00000e+00	1.19962e+00
1.782693006877e+16	4.38475e+11	1.00000e+00	1.59525e+01	8.84205e+05	1.00000e+00	3.04726e-07	1.23684e-23	3.67028e-05	0.00000e+00	0.00000e+00	1.19961e+00
1.782736854422e+16	3.98581e+11	1.00000e+00	1.66556e+01	8.46891e+05	1.00000e+00	3.22614e-07	1.32432e-23	3.98640e-05	0.00000e+00	0.00000e+00	1.19961e+00
1.782776712491e+16	3.61854e+11	1.00000e+00	1.73908e+01	8.10612e+05	1.00000e+00	3.42062e-07	1.42216e-23	4.34164e-05	0.00000e+00	0.00000e+00	1.19980e+00
1.782812897879e+16	3.23410e+11	1.00000e+00	1.81540e+01	7.76550e+05	1.00000e+00	3.62490e-07	1.52686e-23	4.72771e-05	0.00000e+00	0.00000e+00	1.19980e+00
1.782845238919e+16	2.94930e+11	1.00000e+00	1.89579e+01	7.43632e+05	1.00000e+00	3.84582e-07	1.64290e-23	5.16009e-05	0.00000e+00	0.00000e+00	1.19979e+00
1.782874731897e+16	2.66499e+11	1.00000e+00	1.97988e+01	7.12060e+05	1.00000e+00	4.08325e-07	1.77087e-23	5.64197e-05	0.00000e+00	0.00000e+00	1.19979e+00
1.782901381762e+16	2.40422e+11	1.00000e+00	2.06785e+01	6.81779e+05	1.00000e+00	4.33870e-07	1.91230e-23	6.18024e-05	0.00000e+00	0.00000e+00	1.19979e+00
1.782925423980e+16	2.16528e+11	1.00000e+00	2.15990e+01	6.52741e+05	1.00000e+00	4.61379e-07	2.06891e-23	6.78290e-05	0.00000e+00	0.00000e+00	1.19978e+00
1.782947076746e+16	1.94686e+11	1.00000e+00	2.25623e+01	6.24883e+05	1.00000e+00	4.91046e-07	2.24281e-23	7.45951e-05	0.00000e+00	0.00000e+00	1.19978e+00
1.782966545366e+16	1.74683e+11	1.00000e+00	2.35704e+01	5.98171e+05	9.99999e-01	5.23061e-07	2.43624e-23	8.22078e-05	0.00000e+00	0.00000e+00	1.19978e+00
1.782984013682e+16	1.56470e+11	1.00000e+00	2.46260e+01	5.72553e+05	9.99999e-01	5.57654e-07	2.65196e-23	9.07972e-05	0.00000e+00	0.00000e+00	1.19977e+00
1.782999660647e+16	1.39882e+11	1.00000e+00	2.57309e+01	5.47973e+05	9.99999e-01	5.95087e-07	2.89321e-23	1.00520e-04	0.00000e+00	0.00000e+00	1.19977e+00
1.783013648859e+16	1.24740e+11	1.00000e+00	2.68880e+01	5.24420e+05	9.99999e-01	6.35593e-07	3.16326e-23	1.11544e-04	0.00000e+00	0.00000e+00	1.19976e+00
1.783026122822e+16	1.11094e+11	1.00000e+00	2.80983e+01	5.01779e+05	9.99999e-01	6.79628e-07	3.46792e-23	1.24123e-04	0.00000e+00	0.00000e+00	1.19977e+00
1.783037232250e+16	9.84862e+10	1.00000e+00	2.93603e+01	4.80244e+05	9.99999e-01	7.27042e-07	3.80793e-23	1.38364e-04	0.00000e+00	0.00000e+00	1.19976e+00
1.783047080870e+16	8.78519e+10	1.00000e+00	3.06833e+01	4.59555e+05	9.99999e-01	7.78657e-07	4.19263e-23	1.54692e-04	0.00000e+00	0.00000e+00	1.19975e+00
1.783055866056e+16	7.80562e+10	1.00000e+00	3.20680e+01	4.39726e+05	9.99999e-01	8.34792e-07	4.62819e-23	1.73433e-04	0.00000e+00	0.00000e+00	1.19975e+00
1.783063671680e+16	6.92364e+10	1.00000e+00	3.35177e+01	4.20713e+05	9.99999e-01	8.95950e-07	5.12298e-23	1.95030e-04	0.00000e+00	0.00000e+00	1.19974e+00
1.783070595319e+16	6.12821e+10	1.00000e+00	3.50373e+01	4.02513e+05	9.99999e-01	9.62563e-07	5.68537e-23	2.19963e-04	0.00000e+00	0.00000e+00	1.19973e+00
1.783076723532e+16	5.42128e+10	1.00000e+00	3.66301e+01	3.85032e+05	9.99999e-01	1.03546e-06	6.32949e-23	2.48956e-04	0.00000e+00	0.00000e+00	1.19971e+00
1.783082144811e+16	4.77650e+10	1.00000e+00	3.82970e+01	3.68277e+05	9.99999e-01	1.11522e-06	7.06825e-23	2.82739e-04	0.00000e+00	0.00000e+00	1.19971e+00
1.783086921307e+16	4.19948e+10	1.00000e+00	4.00352e+01	3.52146e+05	9.99999e-01	1.20302e-06	7.92460e-23	3.22463e-04	0.00000e+00	0.00000e+00	1.19977e+00
1.783091120789e+16	3.66710e+10	1.00000e+00	4.18618e+01	3.36894e+05	9.99999e-01	1.29805e-06	8.89532e-23	3.68491e-04	0.00000e+00	0.00000e+00	1.19972e+00
1.783094787885e+16	3.23988e+10	1.00000e+00	4.37874e+01	3.22100e+05	9.99999e-01	1.40371e-06	1.00346e-22	4.23436e-04	0.00000e+00	0.00000e+00	1.19970e+00
1.783098027760e+16	2.82171e+10	1.00000e+00	4.57999e+01	3.07967e+05	9.99998e-01	1.51969e-06	1.13556e-22	4.88404e-04	0.00000e+00	0.00000e+00	1.19968e+00
1.783100849475e+16	2.45943e+10	1.00000e+00	4.79098e+01	2.94419e+05	9.99998e-01	1.64763e-06	1.28980e-22	5.65841e-04	0.00000e+00	0.00000e+00	1.19967e+00
1.783103308906e+16	2.13783e+10	1.00000e+00	5.01199e+01	2.81378e+05	9.99998e-01	1.78968e-06	1.47082e-22	6.59046e-04	0.00000e+00	0.00000e+00	1.19979e+00
1.783105446737e+16	1.84516e+10	1.00000e+00	5.24166e+01	2.69011e+05	9.99998e-01	1.94530e-06	1.68121e-22	7.70095e-04	0.00000e+00	0.00000e+00	1.19971e+00
1.783107291893e+16	1.60544e+10	1.00000e+00	5.48409e+01	2.57125e+05	9.99998e-01	2.11835e-06	1.92980e-22	9.04824e-04	0.00000e+00	0.00000e+00	1.19969e+00
1.783108897336e+16	1.38917e+10	1.00000e+00	5.73877e+01	2.45724e+05	9.99998e-01	2.31085e-06	2.22473e-22	1.06899e-03	0.00000e+00	0.00000e+00	1.19967e+00
1.783110286502e+16	1.19759e+10	1.00000e+00	6.00608e+01	2.34796e+05	9.99997e-01	2.52530e-06	2.57599e-22	1.27012e-03	0.00000e+00	0.00000e+00	1.19965e+00
1.783111484092e+16	1.02930e+10	1.00000e+00	6.28636e+01	2.24322e+05	9.99997e-01	2.76477e-06	2.99612e-22	1.51814e-03	0.00000e+00	0.00000e+00	1.19962e+00
1.783112513392e+16	8.81762e+09	1.00000e+00	6.58081e+01	2.14307e+05	9.99997e-01	3.03216e-06	3.49960e-22	1.82526e-03	0.00000e+00	0.00000e+00	1.19959e+00
1.783113395153e+16	7.54703e+09	1.00000e+00	6.89017e+01	2.04690e+05	9.99997e-01	3.33267e-06	4.10924e-22	2.20982e-03	0.00000e+00	0.00000e+00	1.19955e+00
1.783114149857e+16	6.42571e+09	1.00000e+00	7.21619e+01	1.95476e+05	9.99996e-01	3.67069e-06	4.84919e-22	2.69406e-03	0.00000e+00	0.00000e+00	1.19958e+00
1.783114792428e+16	5.45258e+09	1.00000e+00	7.55799e+01	1.86659e+05	9.99996e-01	4.05130e-06	5.75213e-22	3.30752e-03	0.00000e+00	0.00000e+00	1.19951e+00
1.783115337686e+16	4.61748e+09	1.00000e+00	7.91736e+01	1.78215e+05	9.99996e-01	4.48147e-06	6.86052e-22	4.09151e-03	0.00000e+00	0.00000e+00	1.19942e+00
1.783115799434e+16	3.89813e+09	1.00000e+00	8.29546e+01	1.70107e+05	9.99995e-01	4.97033e-06	8.23220e-22	5.10484e-03	0.00000e+00	0.00000e+00	1.19939e+00
1.783116189248e+16	3.27132e+09	1.00000e+00	8.69248e+01	1.62370e+05	9.99994e-01	5.52417e-06	9.92919e-22	6.41740e-03	0.00000e+00	0.00000e+00	1.19930e+00
1.783116516379e+16	2.74602e+09	1.00000e+00	9.11057e+01	1.54949e+05	9.99994e-01	6.15670e-06	1.20540e-21	8.14091e-03	0.00000e+00	0.00000e+00	1.19915e+00
1.783116790981e+16	2.29356e+09	1.00000e+00	9.55147e+01	1.47865e+05	9.99993e-01	6.87808e-06	1.47177e-21	1.04137e-02	0.00000e+00	0.00000e+00	1.19892e+00
1.783117020337e+16	1.91486e+09	1.00000e+00	1.00065e+02	1.41004e+05	9.99992e-01	7.71620e-06	1.81503e-21	1.34869e-02	0.00000e+00	0.00000e+00	1.19845e+00
1.783117211823e+16	1.57423e+09	1.00000e+00	1.05000e+02	1.34652e+05	9.99991e-01	8.64854e-06	2.23417e-21	1.74804e-02	0.00000e+00	0.00000e+00	1.19820e+00
1.783117369246e+16	1.33488e+09	1.00000e+00	1.10063e+02	1.28223e+05	9.99990e-01	9.78927e-06	2.81045e-21	2.32328e-02	0.00000e+00	0.00000e+00	1.19751e+00
1.783117502734e+16	1.06494e+09	1.00000e+00	1.15611e+02	1.22593e+05	9.99989e-01	1.09976e-05	3.48135e-21	3.04141e-02	0.00000e+00	0.00000e+00	1.19691e+00
1.783117609227e+16	9.27488e+08	1.00000e+00	1.21820e+02	1.16887e+05	9.99987e-01	1.24803e-05	4.40084e-21	4.08163e-02	0.00000e+00	0.00000e+00	1.19587e+00
1.783117701976e+16	7.59944e+08	1.00000e+00	1.27877e+02	1.11149e+05	9.99986e-01	1.43122e-05	5.69917e-21	5.61562e-02	0.00000e+00	0.00000e+00	1.19419e+00
1.783117777971e+16	5.88893e+08	1.00000e+00	1.33599e+02	1.05909e+05	9.99984e-01	1.63784e-05	7.37088e-21	7.67821e-02	0.00000e+00	0.00000e+00	1.19216e+00
1.783117836860e+16	4.76121e+08	1.00000e+00	1.39814e+02	1.01338e+05	9.99981e-01	1.85837e-05	9.37179e-21	1.02585e-01	0.00000e+00	0.00000e+00	1.18942e+00
1.783117884472e+16	4.22129e+08	1.00000e+00	1.46403e+02	9.64290e+04	9.99978e-01	2.15011e-05	1.24060e-20	1.42265e-01	0.00000e+00	0.00000e+00	1.18642e+00
1.783117926685e+16	3.31713e+08	1.00000e+00	1.52841e+02	9.23976e+04	9.99976e-01	2.44538e-05	1.59061e-20	1.87900e-01	0.00000e+00	0.00000e+00	1.18116e+00
1.783117959856e+16	3.04106e+08	1.00000e+00	1.60421e+02	8.84014e+04	9.99972e-01	2.80315e-05	2.06965e-20	2.48596e-01	0.00000e+00	0.00000e+00	1.17535e+00
1.783117990267e+16	2.69094e+08	1.00000e+00	1.68077e+02	8.45351e+04	9.99968e-01	3.22987e-05	2.72744e-20	3.25106e-01	0.00000e+00	0.00000e+00	1.16772e+00
1.783118017176e+16	2.35345e+08	1.00000e+00	1.76466e+02	8.12559e+04	9.99963e-01	3.67270e-05	3.49907e-20	4.04725e-01	0.00000e+00	0.00000e+00	1.15915e+00
1.783118040711e+16	2.33264e+08	1.00000e+00	1.85207e+02	7.78276e+04	9.99958e-01	4.23935e-05	4.63502e-20	5.00798e-01	0.00000e+00	0.00000e+00	1.14922e+00
1.783118064037e+16	2.11820e+08	1.00000e+00	1.93675e+02	7.47477e+04	9.99951e-01	4.86583e-05	6.07839e-20	5.94067e-01	0.00000e+00	0.00000e+00	1.13977e+00
1.783118085219e+16	2.05626e+08	1.00000e+00	2.02211e+02	7.18655e+04	9.99944e-01	5.58329e-05	7.97158e-20	6.81601e-01	0.00000e+00	0.00000e+00	1.13102e+00
1.783118105782e+16	2.05091e+08	1.00000e+00	2.10852e+02	6.91690e+04	9.99936e-01	6.40332e-05	1.04477e-19	7.58255e-01	0.00000e+00	0.00000e+00	1.12325e+00
1.783118126291e+16	2.10431e+08	1.00000e+00	2.19606e+02	6.65901e+04	9.99926e-01	7.36164e-05	1.37632e-19	8.22633e-01	0.00000e+00	0.00000e+00	1.11687e+00
1.783118147334e+16	2.17342e+08	1.00000e+00	2.28474e+02	6.41566e+04	9.99915e-01	8.46761e-05	1.81524e-19	8.73035e-01	0.00000e+00	0.00000e+00	1.11176e+00
1.783118169068e+16	2.29202e+08	1.00000e+00	2.37522e+02	6.17984e+04	9.99902e-01	9.78141e-05	2.41531e-19	9.11571e-01	0.00000e+00	0.00000e+00	1.10798e+00
1.783118191988e+16	2.40259e+08	1.00000e+00	2.46817e+02	5.95524e+04	9.99887e-01	1.13202e-04	3.22660e-19	9.39246e-01	0.00000e+00	0.00000e+00	1.10510e+00
1.783118216014e+16	2.54817e+08	1.00000e+00	2.55703e+02	5.72245e+04	9.99867e-01	1.33034e-04	4.45269e-19	9.59753e-01	0.00000e+00	0.00000e+00	1.10379e+00
1.783118241496e+16	2.50549e+08	1.00000e+00	2.65493e+02	5.51862e+04	9.99845e-01	1.54662e-04	6.00563e-19	9.72032e-01	0.00000e+00	0.00000e+00	1.10271e+00
1.783118266551e+16	2.71344e+08	1.00000e+00	2.76194e+02	5.31055e+04	9.99818e-01	1.82173e-04	8.32319e-19	9.80200e-01	0.00000e+00	0.00000e+00	1.10122e+00
1.783118293685e+16	2.77015e+08	1.00000e+00	2.87933e+02	5.09895e+04	9.99782e-01	2.17660e-04	1.18743e-18	9.84947e-01	0.00000e+00	0.00000e+00	1.10059e+00
1.783118321387e+16	2.67019e+08	1.00000e+00	3.00407e+02	4.89251e+04	9.99738e-01	2.62190e-04	1.72362e-18	9.86831e-01	0.00000e+00	0.00000e+00	1.10008e+00
1.783118348089e+16	2.53120e+08	1.00000e+00	3.13810e+02	4.69202e+04	9.99682e-01	3.18333e-04	2.54513e-18	9.86455e-01	0.00000e+00	0.00000e+00	1.09891e+00
1.783118373401e+16	2.36956e+08	1.00000e+00	3.28349e+02	4.48688e+04	9.99606e-01	3.94214e-04	3.91665e-18	9.83874e-01	0.00000e+00	0.00000e+00	1.09839e+00
1.783118397096e+16	2.07311e+08	1.00000e+00	3.43581e+02	4.29032e+04	9.99508e-01	4.91829e-04	6.12959e-18	9.78956e-01	0.00000e+00	0.00000e+00	1.09761e+00
1.783118417827e+16	1.80997e+08	1.00000e+00	3.61148e+02	4.10868e+04	9.99387e-01	6.13222e-04	9.57263e-18	9.71522e-01	0.00000e+00	0.00000e+00	1.09657e+00
1.783118435927e+16	1.63770e+08	1.00000e+00	3.78513e+02	3.90414e+04	9.99197e-01	8.02981e-04	1.66394e-17	9.57949e-01	0.00000e+00	0.00000e+00	1.09490e+00
1.783118452304e+16	1.25036e+08	1.00000e+00	3.95997e+02	3.73575e+04	9.98978e-01	1.02196e-03	2.73001e-17	9.40258e-01	0.00000e+00	0.00000e+00	1.09277e+00
1.783118464808e+16	1.10956e+08	1.00000e+00	4.15530e+02	3.56455e+04	9.98667e-01	1.33273e-03	4.72289e-17	9.12448e-01	0.00000e+00	0.00000e+00	1.08980e+00
1.783118475903e+16	9.24071e+07	1.00000e+00	4.36068e+02	3.40316e+04	9.98251e-01	1.74872e-03	8.30238e-17	8.71979e-01	0.00000e+00	0.00000e+00	1.08535e+00
1.783118485144e+16	7.79449e+07	1.00000e+00	4.56696e+02	3.24319e+04	9.97657e-01	2.34323e-03	1.53471e-16	8.10968e-01	0.00000e+00	0.00000e+00	1.07887e+00
1.783118492938e+16	6.32085e+07	1.00000e+00	4.80306e+02	3.11166e+04	9.96960e-01	3.04033e-03	2.64915e-16	7.39692e-01	0.00000e+00	0.00000e+00	1.07060e+00
1.783118499259e+16	5.98129e+07	1.00000e+00	5.07152e+02	2.96139e+04	9.95803e-01	4.19724e-03	5.37840e-16	6.29473e-01	0.00000e+00	0.00000e+00	1.05879e+00
1.783118505240e+16	4.71491e+07	1.00000e+00	5.34157e+02	2.83117e+04	9.94313e-01	5.68709e-03	1.11789e-15	5.10631e-01	0.00000e+00	0.00000e+00	1.04505e+00
1.783118509955e+16	4.10042e+07	1.00000e+00	5.63998e+02	2.70066e+04	9.92088e-01	7.91247e-03	2.48245e-15	3.79724e-01	0.00000e+00	0.00000e+00	1.02974e+00
1.783118514056e+16	3.39413e+07	1.00000e+00	5.95839e+02	2.57499e+04	9.88821e-01	1.11790e-02	5.72729e-15	2.58736e-01	0.00000e+00	0.00000e+00	1.01437e+00
1.783118517450e+16	2.78172e+07	1.00000e+00	6.29986e+02	2.45038e+04	9.83770e-01	1.62298e-02	1.41230e-14	1.59276e-01	0.00000e+00	0.00000e+00	9.99921e-01
1.783118520232e+16	2.18799e+07	1.00000e+00	6.65477e+02	2.33663e+04	9.76513e-01	2.34866e-02	3.45674e-14	9.31885e-02	0.00000e+00	0.00000e+00	9.85921e-01
1.783118522420e+16	1.79788e+07	1.00000e+00	7.03573e+02	2.22972e+04	9.65816e-01	3.41837e-02	8.59548e-14	5.19347e-02	0.00000e+00	0.00000e+00	9.71299e-01
1.783118524218e+16	1.49991e+07	1.00000e+00	7.43768e+02	2.12539e+04	9.49301e-01	5.06988e-02	2.26043e-13	2.71433e-02	0.00000e+00	0.00000e+00	9.51177e-01
1.783118525717e+16	1.22216e+07	1.00000e+00	7.86988e+02	2.03289e+04	9.26395e-01	7.36053e-02	5.69642e-13	1.42902e-02	0.00000e+00	0.00000e+00	9.26716e-01
1.783118526940e+16	1.07438e+07	1.00000e+00	8.35073e+02	1.94579e+04	8.93464e-01	1.06536e-01	1.45191e-12	7.33475e-03	0.00000e+00	0.00000e+00	8.93859e-01
1.783118528014e+16	9.60116e+06	1.00000e+00	8.88777e+02	1.86754e+04	8.49653e-01	1.50347e-01	3.56787e-12	3.79944e-03	0.00000e+00	0.00000e+00	8.50295e-01
1.783118528974e+16	9.16576e+06	1.00000e+00	9.51596e+02	1.79482e+04	7.91868e-01	2.08132e-01	8.67049e-12	1.94763e-03	0.00000e+00	0.00000e+00	7.93865e-01
1.783118529891e+16	9.04910e+06	1.00000e+00	1.02516e+03	1.73194e+04	7.24900e-01	2.75100e-01	1.95165e-11	1.03688e-03	0.00000e+00	0.00000e+00	7.24057e-01
1.783118530796e+16	9.96972e+06	1.00000e+00	1.11470e+03	1.66775e+04	6.38043e-01	3.61957e-01	4.68801e-11	5.12701e-04	0.00000e+00	0.00000e+00	6.34774e-01
1.783118531793e+16	1.03612e+07	1.00000e+00	1.22198e+03	1.61327e+04	5.50247e-01	4.49753e-01	1.01584e-10	2.67685e-04	0.00000e+00	0.00000e+00	5.45975e-01
1.783118532829e+16	1.22723e+07	1.00000e+00	1.34694e+03	1.55766e+04	4.50991e-01	5.49009e-01	2.33623e-10	1.29402e-04	0.00000e+00	0.00000e+00	4.47352e-01
1.783118534056e+16	1.37492e+07	1.00000e+00	1.48182e+03	1.50644e+04	3.56835e-01	6.43165e-01	5.21140e-10	6.23233e-05	0.00000e+00	0.00000e+00	3.57791e-01
1.783118535431e+16	1.61759e+07	1.00000e+00	1.61565e+03	1.45724e+04	2.70413e-01	7.29587e-01	1.18789e-09	2.87087e-05	0.00000e+00	0.00000e+00	2.72142e-01
1.783118537048e+16	1.91628e+07	1.00000e+00	1.75433e+03	1.41599e+04	2.05293e-01	7.94707e-01	2.45368e-09	1.40872e-05	0.00000e+00	0.00000e+00	2.04331e-01
1.783118538965e+16	2.63155e+07	1.00000e+00	1.89314e+03	1.37223e+04	1.46461e-01	8.53539e-01	5.46917e-09	6.22606e-06	0.00000e+00	0.00000e+00	1.46558e-01
1.783118541596e+16	3.30047e+07	1.00000e+00	2.01848e+03	1.33469e+04	1.05357e-01	8.94643e-01	1.12625e-08	2.88985e-06	0.00000e+00	0.00000e+00	1.04663e-01
1.783118544897e+16	4.69421e+07	1.00000e+00	2.13291e+03	1.29639e+04	7.22521e-02	9.27748e-01	2.43313e-08	1.23606e-06	0.00000e+00	0.00000e+00	7.18532e-02
1.783118549591e+16	6.35587e+07	1.00000e+00	2.23306e+03	1.26171e+04	4.92971e-02	9.50703e-01	5.02194e-08	5.35433e-07	0.00000e+00	0.00000e+00	4.94324e-02
1.783118555947e+16	9.24805e+07	1.00000e+00	2.32257e+03	1.22995e+04	3.33111e-02	9.66689e-01	1.00737e-07	2.30432e-07	0.00000e+00	0.00000e+00	3.34329e-02
1.783118565195e+16	1.43288e+08	1.00000e+00	2.40485e+03	1.20051e+04	2.20876e-02	9.77912e-01	1.99093e-07	9.69163e-08	0.00000e+00	0.00000e+00	2.20304e-02
1.783118579524e+16	2.33684e+08	1.00000e+00	2.47782e+03	1.17149e+04	1.38512e-02	9.86148e-01	4.05308e-07	3.78813e-08	0.00000e+00	0.00000e+00	1.39531e-02
1.783118602892e+16	3.77369e+08	1.00000e+00	2.54652e+03	1.14686e+04	8.70737e-03	9.91292e-01	7.72360e-07	1.53666e-08	0.00000e+00	0.00000e+00	8.73373e-03
1.783118640629e+16	7.02861e+08	1.00000e+00	2.61062e+03	1.12201e+04	5.09155e-03	9.94907e-01	1.48656e-06	5.67167e-09	0.00000e+00	0.00000e+00	5.13343e-03
1.783118710915e+16	1.26944e+09	1.00000e+00	2.67409e+03	1.09879e+04	3.10230e-03	9.96895e-01	2.43070e-06	2.17715e-09	0.00000e+00	0.00000e+00	3.09688e-03
1.783118837859e+16	2.40251e+09	1.00000e+00	2.73793e+03	1.07364e+04	2.00377e-03	9.97993e-01	3.31340e-06	8.38012e-10	0.00000e+00	0.00000e+00	2.00229e-03
1.783119078111e+16	4.10327e+09	1.00000e+00	2.80536e+03	1.04849e+04	1.41153e-03	9.98585e-01	3.83350e-06	3.40090e-10	0.00000e+00	0.00000e+00	1.40905e-03
1.783119488438e+16	6.84185e+09	1.00000e+00	2.87560e+03	1.02275e+04	1.02954e-03	9.98966e-01	4.05570e-06	1.36766e-10	0.00000e+00	0.00000e+00	1.03084e-03
1.783120172622e+16	1.08748e+10	1.00000e+00	2.94993e+03	9.97648e+03	7.73326e-04	9.99223e-01	4.03836e-06	5.53359e-11	0.00000e+00	0.00000e+00	7.71954e-04
1.783121260101e+16	1.08748e+10	1.00000e+00	3.00235e+03	9.78646e+03	6.22921e-04	9.99373e-01	3.94845e-06	2.74971e-11	0.00000e+00	0.00000e+00	6.24924e-04
