#elapsed time	time step 	scale cont	scalingDen	<T>	<H+/H rad>	<H0/H rad>	<2*H2/H rad>	<He+/He rad>	<CO/H>	<redshift>	<ne/nH>
0.000000000000e+00	0.00000e+00	1.00000e+00	1.40820e-01	1.00000e+08	1.00000e+00	2.00182e-09	1.22878e-25	1.04408e-07	0.00000e+00	0.00000e+00	1.20000e+00
0.000000000000e+00	0.00000e+00	1.00000e+00	1.40820e-01	1.00000e+08	1.00000e+00	2.00182e-09	1.22878e-25	1.04408e-07	0.00000e+00	0.00000e+00	1.20000e+00
0.000000000000e+00	0.00000e+00	1.00000e+00	1.40820e-01	1.00000e+08	1.00000e+00	2.00182e-09	1.22878e-25	1.04408e-07	0.00000e+00	0.00000e+00	1.20000e+00
1.650735968695e+12	3.30147e+12	1.00000e+00	1.40842e-01	9.99960e+07	1.00000e+00	2.00189e-09	1.22874e-25	1.04413e-07	0.00000e+00	0.00000e+00	1.19997e+00
4.952207906085e+12	6.60294e+12	1.00000e+00	1.40897e-01	1.00017e+08	1.00000e+00	2.00145e-09	1.22797e-25	1.04388e-07	0.00000e+00	0.00000e+00	1.19982e+00
1.155515178086e+13	1.32059e+13	1.00000e+00	1.40990e-01	9.99981e+07	1.00000e+00	2.00185e-09	1.22769e-25	1.04410e-07	0.00000e+00	0.00000e+00	1.19979e+00
2.476103953042e+13	2.64118e+13	1.00000e+00	1.41106e-01	9.99055e+07	1.00000e+00	2.00379e-09	1.22890e-25	1.04518e-07	0.00000e+00	0.00000e+00	1.19981e+00
5.117281502954e+13	5.28236e+13	1.00000e+00	1.41409e-01	9.97305e+07	1.00000e+00	2.00748e-09	1.23050e-25	1.04723e-07	0.00000e+00	0.00000e+00	1.19985e+00
1.039963660278e+14	1.05647e+14	1.00000e+00	1.42044e-01	9.93767e+07	1.00000e+00	2.01495e-09	1.23357e-25	1.05139e-07	0.00000e+00	0.00000e+00	1.19997e+00
2.096434680242e+14	2.11294e+14	1.00000e+00	1.43122e-01	9.85779e+07	1.00000e+00	2.03203e-09	1.24388e-25	1.06089e-07	0.00000e+00	0.00000e+00	1.19997e+00
4.209376720172e+14	4.22588e+14	1.00000e+00	1.45319e-01	9.70052e+07	1.00000e+00	2.06649e-09	1.26471e-25	1.08009e-07	0.00000e+00	0.00000e+00	1.19976e+00
8.435260800031e+14	8.45177e+14	1.00000e+00	1.50236e-01	9.38202e+07	1.00000e+00	2.13988e-09	1.30642e-25	1.12101e-07	0.00000e+00	0.00000e+00	1.19977e+00
1.688702895975e+15	9.95848e+14	1.00000e+00	1.56653e-01	8.99945e+07	1.00000e+00	2.23497e-09	1.35977e-25	1.17415e-07	0.00000e+00	0.00000e+00	1.19973e+00
2.684550706080e+15	9.37048e+14	1.00000e+00	1.63339e-01	8.63112e+07	1.00000e+00	2.33457e-09	1.41547e-25	1.22994e-07	0.00000e+00	0.00000e+00	1.19973e+00
3.621598486382e+15	8.78314e+14	1.00000e+00	1.70294e-01	8.27862e+07	1.00000e+00	2.43828e-09	1.47305e-25	1.28817e-07	0.00000e+00	0.00000e+00	1.19973e+00
4.499912279165e+15	8.25098e+14	1.00000e+00	1.77546e-01	7.94047e+07	1.00000e+00	2.54652e-09	1.53272e-25	1.34908e-07	0.00000e+00	0.00000e+00	1.19973e+00
5.325010594307e+15	7.75003e+14	1.00000e+00	1.85108e-01	7.61611e+07	1.00000e+00	2.65946e-09	1.59454e-25	1.41278e-07	0.00000e+00	0.00000e+00	1.19973e+00
6.100013487873e+15	7.27890e+14	1.00000e+00	1.92992e-01	7.30495e+07	1.00000e+00	2.77731e-09	1.65859e-25	1.47941e-07	0.00000e+00	0.00000e+00	1.19973e+00
6.827903779763e+15	6.83550e+14	1.00000e+00	2.01213e-01	7.00649e+07	1.00000e+00	2.90028e-09	1.72493e-25	1.54908e-07	0.00000e+00	0.00000e+00	1.19973e+00
7.511453592238e+15	6.41859e+14	1.00000e+00	2.09785e-01	6.72022e+07	1.00000e+00	3.02856e-09	1.79362e-25	1.62194e-07	0.00000e+00	0.00000e+00	1.19973e+00
8.153312239504e+15	6.02710e+14	1.00000e+00	2.18723e-01	6.44561e+07	1.00000e+00	3.16242e-09	1.86477e-25	1.69813e-07	0.00000e+00	0.00000e+00	1.19973e+00
8.756022554906e+15	5.65874e+14	1.00000e+00	2.28042e-01	6.18219e+07	1.00000e+00	3.30206e-09	1.93845e-25	1.77780e-07	0.00000e+00	0.00000e+00	1.19973e+00
9.321896245851e+15	5.31217e+14	1.00000e+00	2.37760e-01	5.92954e+07	1.00000e+00	3.44774e-09	2.01474e-25	1.86110e-07	0.00000e+00	0.00000e+00	1.19973e+00
9.853113336576e+15	4.98683e+14	1.00000e+00	2.47891e-01	5.68717e+07	1.00000e+00	3.59972e-09	2.09372e-25	1.94821e-07	0.00000e+00	0.00000e+00	1.19973e+00
1.035179635011e+16	4.68066e+14	1.00000e+00	2.58456e-01	5.45472e+07	1.00000e+00	3.75827e-09	2.17550e-25	2.03928e-07	0.00000e+00	0.00000e+00	1.19973e+00
1.081986236670e+16	4.39352e+14	1.00000e+00	2.69472e-01	5.23172e+07	1.00000e+00	3.92366e-09	2.26017e-25	2.13451e-07	0.00000e+00	0.00000e+00	1.19973e+00
1.125921474202e+16	4.12300e+14	1.00000e+00	2.80958e-01	5.01785e+07	1.00000e+00	4.09618e-09	2.34781e-25	2.23407e-07	0.00000e+00	0.00000e+00	1.19973e+00
1.167151524113e+16	3.86935e+14	1.00000e+00	2.92935e-01	4.81269e+07	1.00000e+00	4.27613e-09	2.43851e-25	2.33816e-07	0.00000e+00	0.00000e+00	1.19973e+00
1.205845029023e+16	3.63081e+14	1.00000e+00	3.05423e-01	4.61591e+07	1.00000e+00	4.46381e-09	2.53239e-25	2.44699e-07	0.00000e+00	0.00000e+00	1.19973e+00
1.242153165762e+16	3.40671e+14	1.00000e+00	3.18445e-01	4.42717e+07	1.00000e+00	4.65956e-09	2.62952e-25	2.56076e-07	0.00000e+00	0.00000e+00	1.19973e+00
1.276220242357e+16	3.19635e+14	1.00000e+00	3.32022e-01	4.24611e+07	1.00000e+00	4.86373e-09	2.73006e-25	2.67972e-07	0.00000e+00	0.00000e+00	1.19973e+00
1.308183726263e+16	2.99833e+14	1.00000e+00	3.46180e-01	4.07248e+07	1.00000e+00	5.07662e-09	2.83405e-25	2.80407e-07	0.00000e+00	0.00000e+00	1.19973e+00
1.338167070358e+16	2.81304e+14	1.00000e+00	3.60943e-01	3.90590e+07	1.00000e+00	5.29869e-09	2.94168e-25	2.93410e-07	0.00000e+00	0.00000e+00	1.19973e+00
1.366297475621e+16	2.63835e+14	1.00000e+00	3.76336e-01	3.74615e+07	1.00000e+00	5.53023e-09	3.05301e-25	3.07003e-07	0.00000e+00	0.00000e+00	1.19973e+00
1.392680950705e+16	2.47477e+14	1.00000e+00	3.92387e-01	3.59291e+07	1.00000e+00	5.77171e-09	3.16817e-25	3.21215e-07	0.00000e+00	0.00000e+00	1.19973e+00
1.417428639094e+16	2.32102e+14	1.00000e+00	4.09124e-01	3.44593e+07	1.00000e+00	6.02353e-09	3.28733e-25	3.36074e-07	0.00000e+00	0.00000e+00	1.19973e+00
1.440638844856e+16	2.17659e+14	1.00000e+00	4.26576e-01	3.30495e+07	1.00000e+00	6.28611e-09	3.41059e-25	3.51611e-07	0.00000e+00	0.00000e+00	1.19973e+00
1.462404749183e+16	2.04104e+14	1.00000e+00	4.44774e-01	3.16973e+07	1.00000e+00	6.55992e-09	3.53809e-25	3.67857e-07	0.00000e+00	0.00000e+00	1.19973e+00
1.482815131035e+16	1.91377e+14	1.00000e+00	4.63750e-01	3.04003e+07	1.00000e+00	6.84547e-09	3.67004e-25	3.84846e-07	0.00000e+00	0.00000e+00	1.19973e+00
1.501952867911e+16	1.79430e+14	1.00000e+00	4.83536e-01	2.91563e+07	1.00000e+00	7.14321e-09	3.80650e-25	4.02611e-07	0.00000e+00	0.00000e+00	1.19973e+00
1.519895868294e+16	1.68215e+14	1.00000e+00	5.04169e-01	2.79632e+07	1.00000e+00	7.45366e-09	3.94765e-25	4.21191e-07	0.00000e+00	0.00000e+00	1.19973e+00
1.536717363428e+16	1.57692e+14	1.00000e+00	5.25683e-01	2.68187e+07	1.00000e+00	7.77739e-09	4.09364e-25	4.40622e-07	0.00000e+00	0.00000e+00	1.19973e+00
1.552486605407e+16	1.47816e+14	1.00000e+00	5.48118e-01	2.57210e+07	1.00000e+00	8.11491e-09	4.24467e-25	4.60946e-07	0.00000e+00	0.00000e+00	1.19973e+00
1.567268227190e+16	1.38544e+14	1.00000e+00	5.71512e-01	2.46683e+07	1.00000e+00	8.46683e-09	4.40084e-25	4.82205e-07	0.00000e+00	0.00000e+00	1.19973e+00
1.581122596233e+16	1.29853e+14	1.00000e+00	5.95907e-01	2.36584e+07	1.00000e+00	8.83381e-09	4.56242e-25	5.04446e-07	0.00000e+00	0.00000e+00	1.19973e+00
1.594107879200e+16	1.21681e+14	1.00000e+00	6.21345e-01	2.26898e+07	1.00000e+00	9.21638e-09	4.72951e-25	5.27714e-07	0.00000e+00	0.00000e+00	1.19973e+00
1.606275982666e+16	1.14024e+14	1.00000e+00	6.47870e-01	2.17609e+07	1.00000e+00	9.61532e-09	4.90236e-25	5.52061e-07	0.00000e+00	0.00000e+00	1.19973e+00
1.617678332722e+16	1.06839e+14	1.00000e+00	6.75532e-01	2.08698e+07	1.00000e+00	1.00313e-08	5.08114e-25	5.77539e-07	0.00000e+00	0.00000e+00	1.19973e+00
1.628362259536e+16	1.00097e+14	1.00000e+00	7.04375e-01	2.00152e+07	1.00000e+00	1.04650e-08	5.26610e-25	6.04205e-07	0.00000e+00	0.00000e+00	1.19973e+00
1.638371954771e+16	9.37676e+13	1.00000e+00	7.34453e-01	1.91956e+07	1.00000e+00	1.09172e-08	5.45743e-25	6.32116e-07	0.00000e+00	0.00000e+00	1.19973e+00
1.647748710046e+16	8.78407e+13	1.00000e+00	7.65819e-01	1.84094e+07	1.00000e+00	1.13887e-08	5.65534e-25	6.61337e-07	0.00000e+00	0.00000e+00	1.19973e+00
1.656532783368e+16	8.22753e+13	1.00000e+00	7.98528e-01	1.76553e+07	1.00000e+00	1.18803e-08	5.86014e-25	6.91935e-07	0.00000e+00	0.00000e+00	1.19973e+00
1.664760313146e+16	7.70563e+13	1.00000e+00	8.32635e-01	1.69321e+07	1.00000e+00	1.23931e-08	6.07212e-25	7.23978e-07	0.00000e+00	0.00000e+00	1.19973e+00
1.672465941293e+16	7.21567e+13	1.00000e+00	8.68202e-01	1.62384e+07	1.00000e+00	1.29278e-08	6.29147e-25	7.57538e-07	0.00000e+00	0.00000e+00	1.19973e+00
1.679681613364e+16	6.75705e+13	1.00000e+00	9.05294e-01	1.55731e+07	1.00000e+00	1.34854e-08	6.51845e-25	7.92699e-07	0.00000e+00	0.00000e+00	1.19973e+00
1.686438663915e+16	6.32656e+13	1.00000e+00	9.43975e-01	1.49350e+07	1.00000e+00	1.40669e-08	6.75338e-25	8.29542e-07	0.00000e+00	0.00000e+00	1.19973e+00
1.692765225111e+16	5.92302e+13	1.00000e+00	9.84313e-01	1.43230e+07	1.00000e+00	1.46733e-08	6.99656e-25	8.68158e-07	0.00000e+00	0.00000e+00	1.19973e+00
1.698688247100e+16	5.54463e+13	1.00000e+00	1.02638e+00	1.37360e+07	1.00000e+00	1.53058e-08	7.24835e-25	9.08640e-07	0.00000e+00	0.00000e+00	1.19973e+00
1.704232875301e+16	5.18971e+13	1.00000e+00	1.07024e+00	1.31730e+07	1.00000e+00	1.59655e-08	7.50906e-25	9.51091e-07	0.00000e+00	0.00000e+00	1.19973e+00
1.709422588247e+16	4.85687e+13	1.00000e+00	1.11599e+00	1.26330e+07	1.00000e+00	1.66535e-08	7.77905e-25	9.95610e-07	0.00000e+00	0.00000e+00	1.19973e+00
1.714279453719e+16	4.54512e+13	1.00000e+00	1.16370e+00	1.21151e+07	1.00000e+00	1.73713e-08	8.05863e-25	1.04232e-06	0.00000e+00	0.00000e+00	1.19973e+00
1.718824575729e+16	4.25305e+13	1.00000e+00	1.21345e+00	1.16184e+07	1.00000e+00	1.81200e-08	8.34831e-25	1.09133e-06	0.00000e+00	0.00000e+00	1.19972e+00
1.723077622134e+16	3.97921e+13	1.00000e+00	1.26534e+00	1.11420e+07	1.00000e+00	1.89012e-08	8.64843e-25	1.14278e-06	0.00000e+00	0.00000e+00	1.19972e+00
1.727056829224e+16	3.72250e+13	1.00000e+00	1.31945e+00	1.06850e+07	1.00000e+00	1.97162e-08	8.95954e-25	1.19681e-06	0.00000e+00	0.00000e+00	1.19972e+00
1.730779330152e+16	3.48180e+13	1.00000e+00	1.37589e+00	1.02468e+07	1.00000e+00	2.05667e-08	9.28201e-25	1.25356e-06	0.00000e+00	0.00000e+00	1.19972e+00
1.734261126143e+16	3.25631e+13	1.00000e+00	1.43474e+00	9.82644e+06	1.00000e+00	2.14542e-08	9.61641e-25	1.31318e-06	0.00000e+00	0.00000e+00	1.19972e+00
1.737517432984e+16	3.04509e+13	1.00000e+00	1.49612e+00	9.42330e+06	1.00000e+00	2.23806e-08	9.96331e-25	1.37583e-06	0.00000e+00	0.00000e+00	1.19972e+00
1.740562527813e+16	2.84713e+13	1.00000e+00	1.56013e+00	9.03668e+06	1.00000e+00	2.33474e-08	1.03232e-24	1.44171e-06	0.00000e+00	0.00000e+00	1.19972e+00
1.743409653110e+16	2.66188e+13	1.00000e+00	1.62690e+00	8.66584e+06	1.00000e+00	2.43568e-08	1.06966e-24	1.51100e-06	0.00000e+00	0.00000e+00	1.19972e+00
1.746071536912e+16	2.48816e+13	1.00000e+00	1.69653e+00	8.31018e+06	1.00000e+00	2.54107e-08	1.10844e-24	1.58391e-06	0.00000e+00	0.00000e+00	1.19972e+00
1.748559698831e+16	2.32547e+13	1.00000e+00	1.76915e+00	7.96906e+06	1.00000e+00	2.65111e-08	1.14871e-24	1.66065e-06	0.00000e+00	0.00000e+00	1.19972e+00
1.750885165342e+16	2.17306e+13	1.00000e+00	1.84489e+00	7.64190e+06	1.00000e+00	2.76603e-08	1.19054e-24	1.74147e-06	0.00000e+00	0.00000e+00	1.19972e+00
1.753058225932e+16	2.03037e+13	1.00000e+00	1.92389e+00	7.32813e+06	1.00000e+00	2.88606e-08	1.23400e-24	1.82661e-06	0.00000e+00	0.00000e+00	1.19972e+00
1.755088597406e+16	1.89675e+13	1.00000e+00	2.00629e+00	7.02718e+06	1.00000e+00	3.01145e-08	1.27920e-24	1.91635e-06	0.00000e+00	0.00000e+00	1.19972e+00
1.756985344756e+16	1.77159e+13	1.00000e+00	2.09222e+00	6.73856e+06	1.00000e+00	3.14247e-08	1.32620e-24	2.01098e-06	0.00000e+00	0.00000e+00	1.19972e+00
1.758756930526e+16	1.65446e+13	1.00000e+00	2.18186e+00	6.46173e+06	1.00000e+00	3.27938e-08	1.37512e-24	2.11081e-06	0.00000e+00	0.00000e+00	1.19972e+00
1.760411392649e+16	1.54471e+13	1.00000e+00	2.27535e+00	6.19624e+06	1.00000e+00	3.42248e-08	1.42603e-24	2.21616e-06	0.00000e+00	0.00000e+00	1.19972e+00
1.761956102797e+16	1.44212e+13	1.00000e+00	2.37286e+00	5.94161e+06	1.00000e+00	3.57210e-08	1.47906e-24	2.32741e-06	0.00000e+00	0.00000e+00	1.19972e+00
1.763398225956e+16	1.34599e+13	1.00000e+00	2.47458e+00	5.69739e+06	1.00000e+00	3.72854e-08	1.53432e-24	2.44495e-06	0.00000e+00	0.00000e+00	1.19972e+00
1.764744215407e+16	1.25603e+13	1.00000e+00	2.58084e+00	5.46395e+06	1.00000e+00	3.89159e-08	1.59149e-24	2.56872e-06	0.00000e+00	0.00000e+00	1.19967e+00
1.766000244640e+16	1.17598e+13	1.00000e+00	2.69179e+00	5.23875e+06	1.00000e+00	4.06316e-08	1.65172e-24	2.70037e-06	0.00000e+00	0.00000e+00	1.19967e+00
1.767176221170e+16	1.09425e+13	1.00000e+00	2.80726e+00	5.02331e+06	1.00000e+00	4.24226e-08	1.71443e-24	2.83934e-06	0.00000e+00	0.00000e+00	1.19967e+00
1.768270472627e+16	1.02057e+13	1.00000e+00	2.92770e+00	4.81664e+06	1.00000e+00	4.42975e-08	1.77994e-24	2.98651e-06	0.00000e+00	0.00000e+00	1.19967e+00
1.769291043721e+16	9.51395e+12	1.00000e+00	3.05333e+00	4.61849e+06	1.00000e+00	4.62599e-08	1.84838e-24	3.14237e-06	0.00000e+00	0.00000e+00	1.19967e+00
1.770242438427e+16	8.87002e+12	1.00000e+00	3.18440e+00	4.42839e+06	1.00000e+00	4.83155e-08	1.91997e-24	3.30763e-06	0.00000e+00	0.00000e+00	1.19967e+00
1.771129440343e+16	8.26526e+12	1.00000e+00	3.32113e+00	4.24610e+06	1.00000e+00	5.04685e-08	1.99486e-24	3.48288e-06	0.00000e+00	0.00000e+00	1.19967e+00
1.771955966546e+16	7.70112e+12	1.00000e+00	3.46376e+00	4.07124e+06	1.00000e+00	5.27250e-08	2.07331e-24	3.66892e-06	0.00000e+00	0.00000e+00	1.19967e+00
1.772726078636e+16	7.17204e+12	1.00000e+00	3.61255e+00	3.90358e+06	1.00000e+00	5.50896e-08	2.15547e-24	3.86644e-06	0.00000e+00	0.00000e+00	1.19967e+00
1.773443282780e+16	6.67931e+12	1.00000e+00	3.76779e+00	3.74275e+06	1.00000e+00	5.75695e-08	2.24165e-24	4.07638e-06	0.00000e+00	0.00000e+00	1.19967e+00
1.774111213840e+16	6.21745e+12	1.00000e+00	3.92974e+00	3.58850e+06	1.00000e+00	6.01707e-08	2.33210e-24	4.29963e-06	0.00000e+00	0.00000e+00	1.19967e+00
1.774732958577e+16	5.78567e+12	1.00000e+00	4.09871e+00	3.44059e+06	1.00000e+00	6.28994e-08	2.42704e-24	4.53714e-06	0.00000e+00	0.00000e+00	1.19967e+00
1.775311525681e+16	5.38345e+12	1.00000e+00	4.27502e+00	3.29870e+06	1.00000e+00	6.57644e-08	2.52688e-24	4.79013e-06	0.00000e+00	0.00000e+00	1.19967e+00
1.775849870635e+16	5.00612e+12	1.00000e+00	4.45896e+00	3.16264e+06	1.00000e+00	6.87721e-08	2.63186e-24	5.05966e-06	0.00000e+00	0.00000e+00	1.19967e+00
1.776350482972e+16	4.65475e+12	1.00000e+00	4.65088e+00	3.03212e+06	1.00000e+00	7.19322e-08	2.74242e-24	5.34704e-06	0.00000e+00	0.00000e+00	1.19967e+00
1.776815957802e+16	4.32539e+12	1.00000e+00	4.85115e+00	2.90699e+06	1.00000e+00	7.52517e-08	2.85883e-24	5.65362e-06	0.00000e+00	0.00000e+00	1.19966e+00
1.777248496562e+16	4.01933e+12	1.00000e+00	5.06013e+00	2.78693e+06	1.00000e+00	7.87431e-08	2.98169e-24	5.98117e-06	0.00000e+00	0.00000e+00	1.19966e+00
1.777650429742e+16	3.73195e+12	1.00000e+00	5.27818e+00	2.67181e+06	1.00000e+00	8.24146e-08	3.11135e-24	6.33122e-06	0.00000e+00	0.00000e+00	1.19966e+00
1.778023625065e+16	3.46457e+12	1.00000e+00	5.50571e+00	2.56136e+06	1.00000e+00	8.62792e-08	3.24844e-24	6.70580e-06	0.00000e+00	0.00000e+00	1.19966e+00
1.778370081999e+16	3.21395e+12	1.00000e+00	5.74274e+00	2.45507e+06	1.00000e+00	9.03625e-08	3.39452e-24	7.10831e-06	0.00000e+00	0.00000e+00	1.19972e+00
1.778691477073e+16	2.96947e+12	1.00000e+00	5.99030e+00	2.35423e+06	1.00000e+00	9.46165e-08	3.54623e-24	7.53491e-06	0.00000e+00	0.00000e+00	1.19966e+00
1.778988424230e+16	2.77300e+12	1.00000e+00	6.24976e+00	2.25651e+06	1.00000e+00	9.91453e-08	3.70935e-24	7.99712e-06	0.00000e+00	0.00000e+00	1.19966e+00
1.779265724696e+16	2.56125e+12	1.00000e+00	6.51972e+00	2.16310e+06	1.00000e+00	1.03905e-07	3.88185e-24	8.49173e-06	0.00000e+00	0.00000e+00	1.19965e+00
1.779521850117e+16	2.37232e+12	1.00000e+00	6.80149e+00	2.07348e+06	1.00000e+00	1.08927e-07	4.06518e-24	9.02335e-06	0.00000e+00	0.00000e+00	1.19966e+00
1.779759082560e+16	2.19547e+12	1.00000e+00	7.09500e+00	1.98717e+06	1.00000e+00	1.14252e-07	4.26178e-24	9.59764e-06	0.00000e+00	0.00000e+00	1.19972e+00
1.779978629323e+16	2.02199e+12	1.00000e+00	7.40159e+00	1.90538e+06	1.00000e+00	1.19806e-07	4.46675e-24	1.02084e-05	0.00000e+00	0.00000e+00	1.19965e+00
1.780180828190e+16	1.88418e+12	1.00000e+00	7.72315e+00	1.82609e+06	1.00000e+00	1.25738e-07	4.68840e-24	1.08736e-05	0.00000e+00	0.00000e+00	1.19965e+00
1.780369246182e+16	1.73566e+12	1.00000e+00	8.05777e+00	1.75025e+06	1.00000e+00	1.31992e-07	4.92428e-24	1.15892e-05	0.00000e+00	0.00000e+00	1.19965e+00
1.780542812602e+16	1.60228e+12	1.00000e+00	8.40706e+00	1.67754e+06	1.00000e+00	1.38604e-07	5.17601e-24	1.23614e-05	0.00000e+00	0.00000e+00	1.19965e+00
1.780703040487e+16	1.47879e+12	1.00000e+00	8.77182e+00	1.60780e+06	1.00000e+00	1.45605e-07	5.44531e-24	1.31965e-05	0.00000e+00	0.00000e+00	1.19965e+00
1.780850919714e+16	1.36363e+12	1.00000e+00	9.15270e+00	1.54092e+06	1.00000e+00	1.53018e-07	5.73359e-24	1.41002e-05	0.00000e+00	0.00000e+00	1.19964e+00
1.780987283043e+16	1.25675e+12	1.00000e+00	9.55039e+00	1.47674e+06	1.00000e+00	1.60881e-07	6.04304e-24	1.50801e-05	0.00000e+00	0.00000e+00	1.19965e+00
1.781112957559e+16	1.15668e+12	1.00000e+00	9.96565e+00	1.41523e+06	1.00000e+00	1.69214e-07	6.37496e-24	1.61424e-05	0.00000e+00	0.00000e+00	1.19964e+00
1.781228625391e+16	1.06447e+12	1.00000e+00	1.03994e+01	1.35620e+06	1.00000e+00	1.78063e-07	6.73203e-24	1.72971e-05	0.00000e+00	0.00000e+00	1.19964e+00
1.781335072085e+16	9.78343e+11	1.00000e+00	1.08525e+01	1.29961e+06	1.00000e+00	1.87458e-07	7.11631e-24	1.85528e-05	0.00000e+00	0.00000e+00	1.19964e+00
1.781432906394e+16	8.98714e+11	1.00000e+00	1.13258e+01	1.24532e+06	1.00000e+00	1.97446e-07	7.53082e-24	1.99209e-05	0.00000e+00	0.00000e+00	1.19963e+00
1.781522777809e+16	8.24503e+11	1.00000e+00	1.18202e+01	1.19325e+06	1.00000e+00	2.08070e-07	7.97841e-24	2.14132e-05	0.00000e+00	0.00000e+00	1.19963e+00
1.781605228135e+16	7.55745e+11	1.00000e+00	1.23367e+01	1.14331e+06	1.00000e+00	2.19378e-07	8.46237e-24	2.30432e-05	0.00000e+00	0.00000e+00	1.19963e+00
1.781680802635e+16	6.92067e+11	1.00000e+00	1.28763e+01	1.09540e+06	1.00000e+00	2.31426e-07	8.98673e-24	2.48268e-05	0.00000e+00	0.00000e+00	1.19963e+00
1.781750009287e+16	6.32973e+11	1.00000e+00	1.34401e+01	1.04945e+06	1.00000e+00	2.44271e-07	9.55562e-24	2.67814e-05	0.00000e+00	0.00000e+00	1.19963e+00
1.781813306595e+16	5.78228e+11	1.00000e+00	1.40292e+01	1.00538e+06	1.00000e+00	2.57975e-07	1.01739e-23	2.89263e-05	0.00000e+00	0.00000e+00	1.19962e+00
1.781871129439e+16	5.27652e+11	1.00000e+00	1.46450e+01	9.63126e+05	1.00000e+00	2.72598e-07	1.08457e-23	3.12826e-05	0.00000e+00	0.00000e+00	1.19962e+00
1.781923894674e+16	4.81123e+11	1.00000e+00	1.52887e+01	9.22578e+05	1.00000e+00	2.88234e-07	1.15788e-23	3.38790e-05	0.00000e+00	0.00000e+00	1.19962e+00
1.781972006935e+16	4.37872e+11	1.00000e+00	1.59617e+01	8.83171e+05	1.00000e+00	3.05196e-07	1.23954e-23	3.67842e-05	0.00000e+00	0.00000e+00	1.19980e+00
1.782015794163e+16	3.92540e+11	1.00000e+00	1.66600e+01	8.46161e+05	1.00000e+00	3.22985e-07	1.32661e-23	3.99302e-05	0.00000e+00	0.00000e+00	1.19980e+00
1.782055048135e+16	3.58984e+11	1.00000e+00	1.73955e+01	8.10399e+05	1.00000e+00	3.42183e-07	1.42271e-23	4.34384e-05	0.00000e+00	0.00000e+00	1.19980e+00
1.782090946567e+16	3.25398e+11	1.00000e+00	1.81645e+01	7.76099e+05	1.00000e+00	3.62776e-07	1.52827e-23	4.73317e-05	0.00000e+00	0.00000e+00	1.19980e+00
1.782123486376e+16	2.94503e+11	1.00000e+00	1.89690e+01	7.43204e+05	1.00000e+00	3.84886e-07	1.64443e-23	5.16609e-05	0.00000e+00	0.00000e+00	1.19979e+00
1.782152936650e+16	2.66154e+11	1.00000e+00	1.98103e+01	7.11645e+05	1.00000e+00	4.08656e-07	1.77259e-23	5.64874e-05	0.00000e+00	0.00000e+00	1.19979e+00
1.782179552064e+16	2.40068e+11	1.00000e+00	2.06905e+01	6.81387e+05	1.00000e+00	4.34221e-07	1.91415e-23	6.18770e-05	0.00000e+00	0.00000e+00	1.19979e+00
1.782203558857e+16	2.16242e+11	1.00000e+00	2.16115e+01	6.52358e+05	1.00000e+00	4.61764e-07	2.07101e-23	6.79137e-05	0.00000e+00	0.00000e+00	1.19978e+00
1.782225183068e+16	1.94384e+11	1.00000e+00	2.25752e+01	6.24518e+05	1.00000e+00	4.91459e-07	2.24513e-23	7.46897e-05	0.00000e+00	0.00000e+00	1.19978e+00
1.782244621504e+16	1.74417e+11	1.00000e+00	2.35841e+01	5.97827e+05	1.00000e+00	5.23499e-07	2.43875e-23	8.23122e-05	0.00000e+00	0.00000e+00	1.19978e+00
1.782262063186e+16	1.56267e+11	1.00000e+00	2.46402e+01	5.72211e+05	1.00000e+00	5.58144e-07	2.65490e-23	9.09194e-05	0.00000e+00	0.00000e+00	1.19977e+00
1.782277689906e+16	1.39630e+11	1.00000e+00	2.57457e+01	5.47661e+05	1.00000e+00	5.95594e-07	2.89626e-23	1.00652e-04	0.00000e+00	0.00000e+00	1.19977e+00
1.782291652859e+16	1.24591e+11	1.00000e+00	2.69040e+01	5.24114e+05	1.00000e+00	6.36152e-07	3.16673e-23	1.11696e-04	0.00000e+00	0.00000e+00	1.19976e+00
1.782304111945e+16	1.10931e+11	1.00000e+00	2.81150e+01	5.01482e+05	1.00000e+00	6.80244e-07	3.47190e-23	1.24299e-04	0.00000e+00	0.00000e+00	1.19977e+00
1.782315205007e+16	9.83161e+10	1.00000e+00	2.93781e+01	4.79974e+05	1.00000e+00	7.27675e-07	3.81198e-23	1.38552e-04	0.00000e+00	0.00000e+00	1.19975e+00
1.782325036618e+16	8.77652e+10	1.00000e+00	3.07020e+01	4.59275e+05	1.00000e+00	7.79402e-07	4.19775e-23	1.54924e-04	0.00000e+00	0.00000e+00	1.19975e+00
1.782333813143e+16	7.78919e+10	1.00000e+00	3.20868e+01	4.39468e+05	1.00000e+00	8.35568e-07	4.63366e-23	1.73688e-04	0.00000e+00	0.00000e+00	1.19975e+00
1.782341602337e+16	6.91311e+10	1.00000e+00	3.35385e+01	4.20482e+05	1.00000e+00	8.96742e-07	5.12845e-23	1.95302e-04	0.00000e+00	0.00000e+00	1.19974e+00
1.782348515447e+16	6.12403e+10	1.00000e+00	3.50590e+01	4.02260e+05	1.00000e+00	9.63550e-07	5.69292e-23	2.20323e-04	0.00000e+00	0.00000e+00	1.19973e+00
1.782354639473e+16	5.40756e+10	1.00000e+00	3.66513e+01	3.84805e+05	9.99999e-01	1.03647e-06	6.33745e-23	2.49341e-04	0.00000e+00	0.00000e+00	1.19972e+00
1.782360047028e+16	4.76862e+10	1.00000e+00	3.83193e+01	3.68062e+05	9.99999e-01	1.11631e-06	7.07710e-23	2.83178e-04	0.00000e+00	0.00000e+00	1.19971e+00
1.782364815653e+16	4.19309e+10	1.00000e+00	4.00631e+01	3.51984e+05	9.99999e-01	1.20397e-06	7.93080e-23	3.22849e-04	0.00000e+00	0.00000e+00	1.19973e+00
1.782369008744e+16	3.67182e+10	1.00000e+00	4.18912e+01	3.36653e+05	9.99999e-01	1.29965e-06	8.90975e-23	3.69216e-04	0.00000e+00	0.00000e+00	1.19972e+00
1.782372680566e+16	3.22524e+10	1.00000e+00	4.38122e+01	3.21908e+05	9.99999e-01	1.40518e-06	1.00479e-22	4.24114e-04	0.00000e+00	0.00000e+00	1.19971e+00
1.782375905811e+16	2.81658e+10	1.00000e+00	4.58261e+01	3.07792e+05	9.99999e-01	1.52123e-06	1.13696e-22	4.89136e-04	0.00000e+00	0.00000e+00	1.19968e+00
1.782378722389e+16	2.45643e+10	1.00000e+00	4.79384e+01	2.94250e+05	9.99999e-01	1.64934e-06	1.29138e-22	5.66675e-04	0.00000e+00	0.00000e+00	1.19967e+00
1.782381178819e+16	2.13506e+10	1.00000e+00	5.01487e+01	2.81284e+05	9.99999e-01	1.79077e-06	1.47149e-22	6.59439e-04	0.00000e+00	0.00000e+00	1.19966e+00
1.782383313880e+16	1.85273e+10	1.00000e+00	5.24656e+01	2.68808e+05	9.99999e-01	1.94804e-06	1.68385e-22	7.71602e-04	0.00000e+00	0.00000e+00	1.19978e+00
1.782385166611e+16	1.59679e+10	1.00000e+00	5.48755e+01	2.56963e+05	9.99998e-01	2.12088e-06	1.93244e-22	9.06082e-04	0.00000e+00	0.00000e+00	1.19969e+00
1.782386763404e+16	1.38557e+10	1.00000e+00	5.73591e+01	2.45304e+05	9.99999e-01	2.31849e-06	2.23864e-22	1.07456e-03	0.00000e+00	0.00000e+00	1.19977e+00
1.782388148975e+16	1.16606e+10	1.00000e+00	6.00308e+01	2.34902e+05	9.99998e-01	2.52305e-06	2.57038e-22	1.26605e-03	0.00000e+00	0.00000e+00	1.19965e+00
1.782389315040e+16	1.05327e+10	1.00000e+00	6.29049e+01	2.24194e+05	9.99998e-01	2.76790e-06	2.99907e-22	1.51856e-03	0.00000e+00	0.00000e+00	1.19962e+00
1.782390368315e+16	8.82142e+09	1.00000e+00	6.58495e+01	2.14168e+05	9.99998e-01	3.03612e-06	3.50390e-22	1.82525e-03	0.00000e+00	0.00000e+00	1.19959e+00
1.782391250457e+16	7.53749e+09	1.00000e+00	6.89390e+01	2.04577e+05	9.99998e-01	3.33647e-06	4.11258e-22	2.20713e-03	0.00000e+00	0.00000e+00	1.19955e+00
1.782392004206e+16	6.43065e+09	1.00000e+00	7.21831e+01	1.95384e+05	9.99997e-01	3.67425e-06	4.85170e-22	2.68655e-03	0.00000e+00	0.00000e+00	1.19951e+00
1.782392647271e+16	5.46744e+09	1.00000e+00	7.55887e+01	1.86585e+05	9.99997e-01	4.05465e-06	5.75284e-22	3.29158e-03	0.00000e+00	0.00000e+00	1.19945e+00
1.782393194015e+16	4.63763e+09	1.00000e+00	7.91645e+01	1.78161e+05	9.99996e-01	4.48432e-06	6.85787e-22	4.06008e-03	0.00000e+00	0.00000e+00	1.19937e+00
1.782393657778e+16	3.92304e+09	1.00000e+00	8.29158e+01	1.70098e+05	9.99996e-01	4.97075e-06	8.21945e-22	5.04169e-03	0.00000e+00	0.00000e+00	1.19928e+00
1.782394050082e+16	3.31027e+09	1.00000e+00	8.68893e+01	1.62426e+05	9.99995e-01	5.51954e-06	9.89172e-22	6.29380e-03	0.00000e+00	0.00000e+00	1.19917e+00
1.782394381109e+16	2.80335e+09	1.00000e+00	9.10543e+01	1.55004e+05	9.99995e-01	6.15126e-06	1.20025e-21	7.92419e-03	0.00000e+00	0.00000e+00	1.19910e+00
1.782394661444e+16	2.34183e+09	1.00000e+00	9.53803e+01	1.47994e+05	9.99994e-01	6.86326e-06	1.46171e-21	1.00032e-02	0.00000e+00	0.00000e+00	1.19879e+00
1.782394895627e+16	1.97758e+09	1.00000e+00	9.98653e+01	1.41235e+05	9.99993e-01	7.68463e-06	1.79467e-21	1.27038e-02	0.00000e+00	0.00000e+00	1.19856e+00
1.782395093385e+16	1.65308e+09	1.00000e+00	1.04546e+02	1.34974e+05	9.99992e-01	8.59610e-06	2.20169e-21	1.60701e-02	0.00000e+00	0.00000e+00	1.19813e+00
1.782395258693e+16	1.42543e+09	1.00000e+00	1.09494e+02	1.28864e+05	9.99991e-01	9.66384e-06	2.72980e-21	2.04330e-02	0.00000e+00	0.00000e+00	1.19776e+00
1.782395401236e+16	1.20246e+09	1.00000e+00	1.14594e+02	1.23111e+05	9.99990e-01	1.08750e-05	3.39545e-21	2.58498e-02	0.00000e+00	0.00000e+00	1.19730e+00
1.782395521482e+16	1.02929e+09	1.00000e+00	1.19879e+02	1.17674e+05	9.99989e-01	1.22551e-05	4.23984e-21	3.25012e-02	0.00000e+00	0.00000e+00	1.19672e+00
1.782395624411e+16	8.91073e+08	1.00000e+00	1.25331e+02	1.12503e+05	9.99987e-01	1.38402e-05	5.32209e-21	4.05612e-02	0.00000e+00	0.00000e+00	1.19611e+00
1.782395713518e+16	7.75483e+08	1.00000e+00	1.30995e+02	1.07777e+05	9.99985e-01	1.55870e-05	6.65171e-21	4.99192e-02	0.00000e+00	0.00000e+00	1.19495e+00
1.782395791067e+16	7.07469e+08	1.00000e+00	1.36915e+02	1.03138e+05	9.99983e-01	1.76570e-05	8.41619e-21	6.11493e-02	0.00000e+00	0.00000e+00	1.19390e+00
1.782395861814e+16	6.29162e+08	1.00000e+00	1.42940e+02	9.88295e+04	9.99981e-01	1.99845e-05	1.06440e-20	7.38347e-02	0.00000e+00	0.00000e+00	1.19268e+00
1.782395924730e+16	5.77240e+08	1.00000e+00	1.49164e+02	9.47520e+04	9.99978e-01	2.26485e-05	1.35105e-20	8.82043e-02	0.00000e+00	0.00000e+00	1.19127e+00
1.782395982454e+16	5.36552e+08	1.00000e+00	1.55590e+02	9.08957e+04	9.99975e-01	2.56983e-05	1.72069e-20	1.04266e-01	0.00000e+00	0.00000e+00	1.18968e+00
1.782396036109e+16	5.05879e+08	1.00000e+00	1.62233e+02	8.72679e+04	9.99972e-01	2.91718e-05	2.19564e-20	1.22020e-01	0.00000e+00	0.00000e+00	1.18782e+00
1.782396086697e+16	4.86766e+08	1.00000e+00	1.69130e+02	8.37807e+04	9.99968e-01	3.32203e-05	2.82167e-20	1.41676e-01	0.00000e+00	0.00000e+00	1.18584e+00
1.782396135374e+16	4.67782e+08	1.00000e+00	1.76242e+02	8.04546e+04	9.99963e-01	3.79158e-05	3.64557e-20	1.63013e-01	0.00000e+00	0.00000e+00	1.18376e+00
1.782396182152e+16	4.52610e+08	1.00000e+00	1.83587e+02	7.73201e+04	9.99958e-01	4.33025e-05	4.72046e-20	1.85912e-01	0.00000e+00	0.00000e+00	1.18143e+00
1.782396227413e+16	4.46584e+08	1.00000e+00	1.91237e+02	7.43142e+04	9.99951e-01	4.95996e-05	6.15255e-20	2.10611e-01	0.00000e+00	0.00000e+00	1.17891e+00
1.782396272071e+16	4.41635e+08	1.00000e+00	1.99190e+02	7.14377e+04	9.99944e-01	5.69669e-05	8.06851e-20	2.36958e-01	0.00000e+00	0.00000e+00	1.17622e+00
1.782396316235e+16	4.38723e+08	1.00000e+00	2.07477e+02	6.86776e+04	9.99935e-01	6.56366e-05	1.06557e-19	2.64859e-01	0.00000e+00	0.00000e+00	1.17337e+00
1.782396360107e+16	4.36647e+08	1.00000e+00	2.16134e+02	6.60222e+04	9.99925e-01	7.59032e-05	1.41848e-19	2.94153e-01	0.00000e+00	0.00000e+00	1.17036e+00
1.782396403772e+16	4.34261e+08	1.00000e+00	2.25204e+02	6.34600e+04	9.99913e-01	8.81506e-05	1.90557e-19	3.24602e-01	0.00000e+00	0.00000e+00	1.16723e+00
1.782396447198e+16	4.30238e+08	1.00000e+00	2.34739e+02	6.09801e+04	9.99898e-01	1.02884e-04	2.58693e-19	3.55878e-01	0.00000e+00	0.00000e+00	1.16399e+00
1.782396490221e+16	4.23174e+08	1.00000e+00	2.44784e+02	5.85679e+04	9.99880e-01	1.20810e-04	3.55672e-19	3.87552e-01	0.00000e+00	0.00000e+00	1.16071e+00
1.782396532539e+16	4.10983e+08	1.00000e+00	2.55380e+02	5.62131e+04	9.99858e-01	1.42871e-04	4.96229e-19	4.19048e-01	0.00000e+00	0.00000e+00	1.15755e+00
1.782396573637e+16	3.92442e+08	1.00000e+00	2.66585e+02	5.39293e+04	9.99831e-01	1.70060e-04	7.01814e-19	4.49692e-01	0.00000e+00	0.00000e+00	1.15433e+00
1.782396612881e+16	3.70678e+08	1.00000e+00	2.78555e+02	5.17000e+04	9.99797e-01	2.04070e-04	1.00934e-18	4.79081e-01	0.00000e+00	0.00000e+00	1.15116e+00
1.782396649949e+16	3.43855e+08	1.00000e+00	2.91303e+02	4.95076e+04	9.99754e-01	2.47388e-04	1.48242e-18	5.06677e-01	0.00000e+00	0.00000e+00	1.14817e+00
1.782396684335e+16	3.10587e+08	1.00000e+00	3.04831e+02	4.73785e+04	9.99699e-01	3.02466e-04	2.21623e-18	5.31842e-01	0.00000e+00	0.00000e+00	1.14535e+00
1.782396715393e+16	2.76456e+08	1.00000e+00	3.19194e+02	4.52825e+04	9.99627e-01	3.74253e-04	3.39625e-18	5.54392e-01	0.00000e+00	0.00000e+00	1.14287e+00
1.782396743039e+16	2.38905e+08	1.00000e+00	3.34476e+02	4.33040e+04	9.99536e-01	4.64740e-04	5.24629e-18	5.73963e-01	0.00000e+00	0.00000e+00	1.14043e+00
1.782396766929e+16	2.09158e+08	1.00000e+00	3.50685e+02	4.13466e+04	9.99416e-01	5.85179e-04	8.34274e-18	5.91103e-01	0.00000e+00	0.00000e+00	1.13826e+00
1.782396787845e+16	1.76723e+08	1.00000e+00	3.67536e+02	3.94897e+04	9.99261e-01	7.40317e-04	1.34109e-17	6.05560e-01	0.00000e+00	0.00000e+00	1.13618e+00
1.782396805518e+16	1.50338e+08	1.00000e+00	3.85234e+02	3.77074e+04	9.99058e-01	9.43177e-04	2.18983e-17	6.17824e-01	0.00000e+00	0.00000e+00	1.13422e+00
1.782396820551e+16	1.27219e+08	1.00000e+00	4.03442e+02	3.60045e+04	9.98793e-01	1.20782e-03	3.62049e-17	6.28179e-01	0.00000e+00	0.00000e+00	1.13227e+00
1.782396833273e+16	1.07593e+08	1.00000e+00	4.22635e+02	3.43856e+04	9.98450e-01	1.55114e-03	6.03058e-17	6.36953e-01	0.00000e+00	0.00000e+00	1.13056e+00
1.782396844033e+16	9.14105e+07	1.00000e+00	4.42739e+02	3.28442e+04	9.98006e-01	1.99509e-03	1.00977e-16	6.44451e-01	0.00000e+00	0.00000e+00	1.12885e+00
1.782396853174e+16	7.79148e+07	1.00000e+00	4.63673e+02	3.13746e+04	9.97436e-01	2.56501e-03	1.69447e-16	6.50905e-01	0.00000e+00	0.00000e+00	1.12715e+00
1.782396860965e+16	6.65370e+07	1.00000e+00	4.85351e+02	2.99858e+04	9.96719e-01	3.28211e-03	2.82880e-16	6.56484e-01	0.00000e+00	0.00000e+00	1.12542e+00
1.782396867619e+16	5.74635e+07	1.00000e+00	5.07774e+02	2.86722e+04	9.95830e-01	4.17115e-03	5.02562e-16	6.61360e-01	0.00000e+00	0.00000e+00	1.12364e+00
1.782396873365e+16	5.01711e+07	1.00000e+00	5.31039e+02	2.74518e+04	9.94758e-01	5.24245e-03	8.81730e-16	6.65663e-01	0.00000e+00	0.00000e+00	1.12151e+00
1.782396878382e+16	4.51428e+07	1.00000e+00	5.55176e+02	2.62810e+04	9.93458e-01	6.54267e-03	1.53588e-15	6.69564e-01	0.00000e+00	0.00000e+00	1.11927e+00
1.782396882897e+16	4.05318e+07	1.00000e+00	5.79915e+02	2.51745e+04	9.91928e-01	8.07245e-03	2.62470e-15	6.73093e-01	0.00000e+00	0.00000e+00	1.11705e+00
1.782396886950e+16	3.68853e+07	1.00000e+00	6.05294e+02	2.41428e+04	9.90164e-01	9.83622e-03	4.38489e-15	6.76332e-01	0.00000e+00	0.00000e+00	1.11449e+00
1.782396890638e+16	3.45261e+07	1.00000e+00	6.31576e+02	2.31650e+04	9.88127e-01	1.18739e-02	7.21818e-15	6.79393e-01	0.00000e+00	0.00000e+00	1.11166e+00
1.782396894091e+16	3.27174e+07	1.00000e+00	6.58714e+02	2.22418e+04	9.85801e-01	1.41995e-02	1.16953e-14	6.82322e-01	0.00000e+00	0.00000e+00	1.10849e+00
1.782396897363e+16	3.15298e+07	1.00000e+00	6.86782e+02	2.13674e+04	9.83158e-01	1.68423e-02	1.86987e-14	6.85174e-01	0.00000e+00	0.00000e+00	1.10496e+00
1.782396900516e+16	3.08190e+07	1.00000e+00	7.15806e+02	2.05374e+04	9.80168e-01	1.98331e-02	2.95532e-14	6.87983e-01	0.00000e+00	0.00000e+00	1.10107e+00
1.782396903597e+16	3.05050e+07	1.00000e+00	7.45821e+02	1.97499e+04	9.76795e-01	2.32054e-02	4.62356e-14	6.90776e-01	0.00000e+00	0.00000e+00	1.09675e+00
1.782396906648e+16	3.05998e+07	1.00000e+00	7.76908e+02	1.90012e+04	9.72995e-01	2.70058e-02	7.17545e-14	6.93573e-01	0.00000e+00	0.00000e+00	1.09195e+00
1.782396909708e+16	3.10666e+07	1.00000e+00	8.09157e+02	1.82897e+04	9.68713e-01	3.12883e-02	1.10646e-13	6.96386e-01	0.00000e+00	0.00000e+00	1.08659e+00
1.782396912815e+16	3.19401e+07	1.00000e+00	8.42667e+02	1.76114e+04	9.63876e-01	3.61250e-02	1.69920e-13	6.99222e-01	0.00000e+00	0.00000e+00	1.08060e+00
1.782396916009e+16	3.31726e+07	1.00000e+00	8.77496e+02	1.69641e+04	9.58407e-01	4.15942e-02	2.60263e-13	7.02071e-01	0.00000e+00	0.00000e+00	1.07392e+00
1.782396919326e+16	3.47781e+07	1.00000e+00	9.13775e+02	1.63480e+04	9.52214e-01	4.77870e-02	3.97965e-13	7.04910e-01	0.00000e+00	0.00000e+00	1.06637e+00
1.782396922804e+16	3.69077e+07	1.00000e+00	9.51921e+02	1.57655e+04	9.45169e-01	5.48321e-02	6.08170e-13	7.07704e-01	0.00000e+00	0.00000e+00	1.05756e+00
1.782396926494e+16	3.99585e+07	1.00000e+00	9.91931e+02	1.52027e+04	9.37038e-01	6.29624e-02	9.35514e-13	7.10413e-01	0.00000e+00	0.00000e+00	1.04773e+00
1.782396930490e+16	4.31791e+07	1.00000e+00	1.03380e+03	1.46628e+04	9.27728e-01	7.22732e-02	1.44404e-12	7.12900e-01	0.00000e+00	0.00000e+00	1.03661e+00
1.782396934808e+16	4.69015e+07	1.00000e+00	1.07769e+03	1.41466e+04	9.17071e-01	8.29300e-02	2.23661e-12	7.15012e-01	0.00000e+00	0.00000e+00	1.02394e+00
1.782396939498e+16	5.14201e+07	1.00000e+00	1.12404e+03	1.36566e+04	9.04831e-01	9.51694e-02	3.46217e-12	7.16540e-01	0.00000e+00	0.00000e+00	1.00946e+00
1.782396944640e+16	5.73213e+07	1.00000e+00	1.17335e+03	1.31849e+04	8.90618e-01	1.09382e-01	5.39800e-12	7.17197e-01	0.00000e+00	0.00000e+00	9.92740e-01
1.782396950372e+16	6.40887e+07	1.00000e+00	1.22584e+03	1.27368e+04	8.74175e-01	1.25826e-01	8.47042e-12	7.16578e-01	0.00000e+00	0.00000e+00	9.73365e-01
1.782396956781e+16	7.28732e+07	1.00000e+00	1.28230e+03	1.23023e+04	8.54950e-01	1.45051e-01	1.34698e-11	7.14122e-01	0.00000e+00	0.00000e+00	9.51341e-01
1.782396964069e+16	8.25231e+07	1.00000e+00	1.34291e+03	1.18946e+04	8.32762e-01	1.67239e-01	2.15439e-11	7.09190e-01	0.00000e+00	0.00000e+00	9.25684e-01
1.782396972321e+16	9.63070e+07	1.00000e+00	1.40932e+03	1.15023e+04	8.06627e-01	1.93373e-01	3.50620e-11	7.00772e-01	0.00000e+00	0.00000e+00	8.95653e-01
1.782396981952e+16	1.12947e+08	1.00000e+00	1.48251e+03	1.11299e+04	7.76066e-01	2.23935e-01	5.78894e-11	6.87784e-01	0.00000e+00	0.00000e+00	8.60688e-01
1.782396993246e+16	1.35046e+08	1.00000e+00	1.56379e+03	1.07725e+04	7.40177e-01	2.59823e-01	9.75521e-11	6.68796e-01	0.00000e+00	0.00000e+00	8.19926e-01
1.782397006751e+16	1.62789e+08	1.00000e+00	1.65476e+03	1.04332e+04	6.98479e-01	3.01522e-01	1.67463e-10	6.42504e-01	0.00000e+00	0.00000e+00	7.72822e-01
1.782397023030e+16	2.00262e+08	1.00000e+00	1.75799e+03	1.01104e+04	6.50197e-01	3.49803e-01	2.94223e-10	6.07461e-01	0.00000e+00	0.00000e+00	7.18568e-01
1.782397043056e+16	2.50863e+08	1.00000e+00	1.87427e+03	9.79876e+03	5.94957e-01	4.05044e-01	5.31716e-10	5.62673e-01	0.00000e+00	0.00000e+00	6.57326e-01
1.782397068142e+16	2.50863e+08	1.00000e+00	1.98420e+03	9.56217e+03	5.45040e-01	4.54960e-01	8.73221e-10	5.19157e-01	0.00000e+00	0.00000e+00	6.01415e-01
