#elapsed time	time step 	scale cont	scalingDen	<T>	<H+/H rad>	<H0/H rad>	<2*H2/H rad>	<He+/He rad>	<CO/H>	<redshift>	<ne/nH>
0.000000000000e+00	0.00000e+00	1.00000e+00	1.41465e-01	1.00000e+08	1.00000e+00	2.00054e-09	1.22363e-25	1.04408e-07	0.00000e+00	0.00000e+00	1.20378e+00
0.000000000000e+00	0.00000e+00	1.00000e+00	1.41457e-01	1.00000e+08	1.00000e+00	2.00054e-09	1.22382e-25	1.04408e-07	0.00000e+00	0.00000e+00	1.20367e+00
0.000000000000e+00	0.00000e+00	1.00000e+00	1.41459e-01	1.00000e+08	1.00000e+00	2.00054e-09	1.22383e-25	1.04408e-07	0.00000e+00	0.00000e+00	1.20364e+00
1.562178694075e+12	3.12436e+12	1.00000e+00	1.41483e-01	9.99978e+07	1.00000e+00	2.00058e-09	1.22373e-25	1.04411e-07	0.00000e+00	0.00000e+00	1.20361e+00
4.686536082225e+12	6.24871e+12	1.00000e+00	1.41536e-01	1.00018e+08	1.00000e+00	2.00015e-09	1.22299e-25	1.04386e-07	0.00000e+00	0.00000e+00	1.20347e+00
1.093525085852e+13	1.24974e+13	1.00000e+00	1.41630e-01	9.99997e+07	1.00000e+00	2.00054e-09	1.22271e-25	1.04408e-07	0.00000e+00	0.00000e+00	1.20343e+00
2.343268041112e+13	2.49949e+13	1.00000e+00	1.41745e-01	9.99066e+07	1.00000e+00	2.00249e-09	1.22393e-25	1.04517e-07	0.00000e+00	0.00000e+00	1.20346e+00
4.842753951632e+13	4.99897e+13	1.00000e+00	1.42044e-01	9.97515e+07	1.00000e+00	2.00575e-09	1.22527e-25	1.04698e-07	0.00000e+00	0.00000e+00	1.20336e+00
9.841725772672e+13	9.99794e+13	1.00000e+00	1.42581e-01	9.93788e+07	1.00000e+00	2.01362e-09	1.22971e-25	1.05136e-07	0.00000e+00	0.00000e+00	1.20335e+00
1.983966941475e+14	1.99959e+14	1.00000e+00	1.43341e-01	9.84236e+07	1.00000e+00	2.03407e-09	1.24596e-25	1.06275e-07	0.00000e+00	0.00000e+00	1.20369e+00
3.983555669891e+14	3.99918e+14	1.00000e+00	1.46078e-01	9.70377e+07	1.00000e+00	2.06447e-09	1.25778e-25	1.07968e-07	0.00000e+00	0.00000e+00	1.20362e+00
7.982733126722e+14	7.99835e+14	1.00000e+00	1.50930e-01	9.38173e+07	1.00000e+00	2.13861e-09	1.30115e-25	1.12105e-07	0.00000e+00	0.00000e+00	1.20341e+00
1.598108804039e+15	9.32043e+14	1.00000e+00	1.57311e-01	9.00182e+07	1.00000e+00	2.23298e-09	1.35407e-25	1.17380e-07	0.00000e+00	0.00000e+00	1.20339e+00
2.530151456734e+15	8.83384e+14	1.00000e+00	1.64025e-01	8.63337e+07	1.00000e+00	2.33253e-09	1.40956e-25	1.22959e-07	0.00000e+00	0.00000e+00	1.20338e+00
3.413535218765e+15	8.27947e+14	1.00000e+00	1.71018e-01	8.28025e+07	1.00000e+00	2.43633e-09	1.46704e-25	1.28789e-07	0.00000e+00	0.00000e+00	1.20339e+00
4.241482011712e+15	7.76593e+14	1.00000e+00	1.78310e-01	7.94170e+07	1.00000e+00	2.54462e-09	1.52653e-25	1.34885e-07	0.00000e+00	0.00000e+00	1.20339e+00
5.018074903113e+15	7.28679e+14	1.00000e+00	1.85915e-01	7.61682e+07	1.00000e+00	2.65767e-09	1.58823e-25	1.41264e-07	0.00000e+00	0.00000e+00	1.20339e+00
5.746753439960e+15	6.83353e+14	1.00000e+00	1.93841e-01	7.30507e+07	1.00000e+00	2.77569e-09	1.65222e-25	1.47938e-07	0.00000e+00	0.00000e+00	1.20339e+00
6.430106839148e+15	6.40521e+14	1.00000e+00	2.02108e-01	7.00641e+07	1.00000e+00	2.89869e-09	1.71833e-25	1.54910e-07	0.00000e+00	0.00000e+00	1.20339e+00
7.070627769316e+15	6.01050e+14	1.00000e+00	2.10732e-01	6.71964e+07	1.00000e+00	3.02717e-09	1.78693e-25	1.62209e-07	0.00000e+00	0.00000e+00	1.20339e+00
7.671678155522e+15	5.63362e+14	1.00000e+00	2.19722e-01	6.44466e+07	1.00000e+00	3.16119e-09	1.85796e-25	1.69841e-07	0.00000e+00	0.00000e+00	1.20339e+00
8.235039697883e+15	5.28121e+14	1.00000e+00	2.29096e-01	6.18086e+07	1.00000e+00	3.30104e-09	1.93153e-25	1.77822e-07	0.00000e+00	0.00000e+00	1.20339e+00
8.763160677152e+15	4.94965e+14	1.00000e+00	2.38872e-01	5.92788e+07	1.00000e+00	3.44694e-09	2.00771e-25	1.86167e-07	0.00000e+00	0.00000e+00	1.20339e+00
9.258126015058e+15	4.63916e+14	1.00000e+00	2.49067e-01	5.68517e+07	1.00000e+00	3.59919e-09	2.08661e-25	1.94896e-07	0.00000e+00	0.00000e+00	1.20339e+00
9.722042123541e+15	4.34663e+14	1.00000e+00	2.59698e-01	5.45239e+07	1.00000e+00	3.75802e-09	2.16829e-25	2.04023e-07	0.00000e+00	0.00000e+00	1.20339e+00
1.015670514499e+16	4.07255e+14	1.00000e+00	2.70786e-01	5.22909e+07	1.00000e+00	3.92375e-09	2.25289e-25	2.13568e-07	0.00000e+00	0.00000e+00	1.20339e+00
1.056395968684e+16	3.81472e+14	1.00000e+00	2.82348e-01	5.01490e+07	1.00000e+00	4.09666e-09	2.34046e-25	2.23550e-07	0.00000e+00	0.00000e+00	1.20339e+00
1.094543174502e+16	3.57255e+14	1.00000e+00	2.94407e-01	4.80945e+07	1.00000e+00	4.27703e-09	2.43111e-25	2.33988e-07	0.00000e+00	0.00000e+00	1.20339e+00
1.130268651365e+16	3.34530e+14	1.00000e+00	3.06984e-01	4.61239e+07	1.00000e+00	4.46519e-09	2.52495e-25	2.44903e-07	0.00000e+00	0.00000e+00	1.20339e+00
1.163721656349e+16	3.13200e+14	1.00000e+00	3.20101e-01	4.42331e+07	1.00000e+00	4.66155e-09	2.62211e-25	2.56319e-07	0.00000e+00	0.00000e+00	1.20340e+00
1.195041703303e+16	2.93082e+14	1.00000e+00	3.33781e-01	4.24201e+07	1.00000e+00	4.86632e-09	2.72263e-25	2.68254e-07	0.00000e+00	0.00000e+00	1.20339e+00
1.224349867203e+16	2.74299e+14	1.00000e+00	3.48052e-01	4.06805e+07	1.00000e+00	5.08000e-09	2.82671e-25	2.80739e-07	0.00000e+00	0.00000e+00	1.20340e+00
1.251779791948e+16	2.56569e+14	1.00000e+00	3.62935e-01	3.90118e+07	1.00000e+00	5.30290e-09	2.93442e-25	2.93795e-07	0.00000e+00	0.00000e+00	1.20340e+00
1.277436725493e+16	2.39934e+14	1.00000e+00	3.78458e-01	3.74111e+07	1.00000e+00	5.53543e-09	3.04591e-25	3.07451e-07	0.00000e+00	0.00000e+00	1.20340e+00
1.301430129905e+16	2.24299e+14	1.00000e+00	3.94650e-01	3.58755e+07	1.00000e+00	5.77804e-09	3.16131e-25	3.21735e-07	0.00000e+00	0.00000e+00	1.20340e+00
1.323860059030e+16	2.09610e+14	1.00000e+00	4.11541e-01	3.44024e+07	1.00000e+00	6.03114e-09	3.28074e-25	3.36676e-07	0.00000e+00	0.00000e+00	1.20340e+00
1.344821101650e+16	1.95810e+14	1.00000e+00	4.29160e-01	3.29890e+07	1.00000e+00	6.29524e-09	3.40439e-25	3.52308e-07	0.00000e+00	0.00000e+00	1.20341e+00
1.364402118930e+16	1.82816e+14	1.00000e+00	4.47538e-01	3.16329e+07	1.00000e+00	6.57083e-09	3.53245e-25	3.68667e-07	0.00000e+00	0.00000e+00	1.20341e+00
1.382683702610e+16	1.70570e+14	1.00000e+00	4.66709e-01	3.03323e+07	1.00000e+00	6.85834e-09	3.66500e-25	3.85779e-07	0.00000e+00	0.00000e+00	1.20342e+00
1.399740689073e+16	1.59119e+14	1.00000e+00	4.86713e-01	2.90843e+07	1.00000e+00	7.15836e-09	3.80221e-25	4.03688e-07	0.00000e+00	0.00000e+00	1.20342e+00
1.415652558446e+16	1.48333e+14	1.00000e+00	5.07587e-01	2.78871e+07	1.00000e+00	7.47143e-09	3.94423e-25	4.22431e-07	0.00000e+00	0.00000e+00	1.20343e+00
1.430485888878e+16	1.38202e+14	1.00000e+00	5.29306e-01	2.67353e+07	1.00000e+00	7.79902e-09	4.09260e-25	4.42105e-07	0.00000e+00	0.00000e+00	1.20343e+00
1.444306040845e+16	1.28324e+14	1.00000e+00	5.51971e-01	2.56345e+07	1.00000e+00	8.13964e-09	4.24500e-25	4.62625e-07	0.00000e+00	0.00000e+00	1.20344e+00
1.457138405640e+16	1.19527e+14	1.00000e+00	5.75651e-01	2.45748e+07	1.00000e+00	8.49632e-09	4.40362e-25	4.84182e-07	0.00000e+00	0.00000e+00	1.20347e+00
1.469091078247e+16	1.10878e+14	1.00000e+00	6.00295e-01	2.35560e+07	1.00000e+00	8.86947e-09	4.56913e-25	5.06812e-07	0.00000e+00	0.00000e+00	1.20351e+00
1.480178828805e+16	1.02544e+14	1.00000e+00	6.25876e-01	2.25750e+07	1.00000e+00	9.26053e-09	4.74282e-25	5.30609e-07	0.00000e+00	0.00000e+00	1.20360e+00
1.490433193729e+16	9.43962e+13	1.00000e+00	6.53169e-01	2.16765e+07	1.00000e+00	9.64977e-09	4.90233e-25	5.54380e-07	0.00000e+00	0.00000e+00	1.20336e+00
1.499872808904e+16	9.10851e+13	1.00000e+00	6.82066e-01	2.07551e+07	1.00000e+00	1.00839e-08	5.08889e-25	5.80987e-07	0.00000e+00	0.00000e+00	1.20338e+00
1.508981318040e+16	8.20686e+13	1.00000e+00	7.11519e-01	1.98929e+07	1.00000e+00	1.05264e-08	5.27754e-25	6.08216e-07	0.00000e+00	0.00000e+00	1.20340e+00
1.517188174035e+16	7.57476e+13	1.00000e+00	7.42339e-01	1.90669e+07	1.00000e+00	1.09879e-08	5.47216e-25	6.36726e-07	0.00000e+00	0.00000e+00	1.20339e+00
1.524762933446e+16	6.99357e+13	1.00000e+00	7.74589e-01	1.82710e+07	1.00000e+00	1.14720e-08	5.67517e-25	6.66755e-07	0.00000e+00	0.00000e+00	1.20340e+00
1.531756498997e+16	6.42181e+13	1.00000e+00	8.08233e-01	1.75056e+07	1.00000e+00	1.19791e-08	5.88692e-25	6.98341e-07	0.00000e+00	0.00000e+00	1.20344e+00
1.538178312180e+16	5.87486e+13	1.00000e+00	8.43441e-01	1.67760e+07	1.00000e+00	1.25054e-08	6.10348e-25	7.31273e-07	0.00000e+00	0.00000e+00	1.20341e+00
1.544053171734e+16	5.40380e+13	1.00000e+00	8.80365e-01	1.60697e+07	1.00000e+00	1.30606e-08	6.33130e-25	7.66165e-07	0.00000e+00	0.00000e+00	1.20342e+00
1.549456976149e+16	4.91765e+13	1.00000e+00	9.18887e-01	1.53911e+07	1.00000e+00	1.36420e-08	6.56845e-25	8.02879e-07	0.00000e+00	0.00000e+00	1.20351e+00
1.554374622862e+16	4.46150e+13	1.00000e+00	9.59101e-01	1.47452e+07	1.00000e+00	1.42451e-08	6.81185e-25	8.41153e-07	0.00000e+00	0.00000e+00	1.20344e+00
1.558836119917e+16	4.07424e+13	1.00000e+00	1.00132e+00	1.41206e+07	1.00000e+00	1.48808e-08	7.06710e-25	8.81710e-07	0.00000e+00	0.00000e+00	1.20346e+00
1.562910364397e+16	3.68426e+13	1.00000e+00	1.04534e+00	1.35232e+07	1.00000e+00	1.55439e-08	7.33124e-25	9.24238e-07	0.00000e+00	0.00000e+00	1.20348e+00
1.566594620446e+16	3.33609e+13	1.00000e+00	1.09135e+00	1.29515e+07	1.00000e+00	1.62359e-08	7.60444e-25	9.68868e-07	0.00000e+00	0.00000e+00	1.20349e+00
1.569930714228e+16	3.02287e+13	1.00000e+00	1.13942e+00	1.24042e+07	1.00000e+00	1.69582e-08	7.88720e-25	1.01573e-06	0.00000e+00	0.00000e+00	1.20349e+00
1.572953586822e+16	2.74048e+13	1.00000e+00	1.18960e+00	1.18811e+07	1.00000e+00	1.77111e-08	8.17926e-25	1.06486e-06	0.00000e+00	0.00000e+00	1.20349e+00
1.575694069506e+16	2.48952e+13	1.00000e+00	1.24196e+00	1.13812e+07	1.00000e+00	1.84954e-08	8.48068e-25	1.11636e-06	0.00000e+00	0.00000e+00	1.20347e+00
1.578183587671e+16	2.26738e+13	1.00000e+00	1.29658e+00	1.09032e+07	1.00000e+00	1.93131e-08	8.79243e-25	1.17040e-06	0.00000e+00	0.00000e+00	1.20346e+00
1.580450967211e+16	2.06857e+13	1.00000e+00	1.35346e+00	1.04458e+07	1.00000e+00	2.01660e-08	9.11552e-25	1.22714e-06	0.00000e+00	0.00000e+00	1.20346e+00
1.582519538348e+16	1.88981e+13	1.00000e+00	1.41281e+00	1.00079e+07	1.00000e+00	2.10561e-08	9.45045e-25	1.28677e-06	0.00000e+00	0.00000e+00	1.20347e+00
1.584409351124e+16	1.72750e+13	1.00000e+00	1.47463e+00	9.59463e+06	1.00000e+00	2.19714e-08	9.78835e-25	1.34850e-06	0.00000e+00	0.00000e+00	1.20336e+00
1.586136847947e+16	1.60432e+13	1.00000e+00	1.53957e+00	9.19500e+06	1.00000e+00	2.29355e-08	1.01427e-24	1.41399e-06	0.00000e+00	0.00000e+00	1.20327e+00
1.587741171514e+16	1.47654e+13	1.00000e+00	1.60484e+00	8.80688e+06	1.00000e+00	2.39566e-08	1.05345e-24	1.48388e-06	0.00000e+00	0.00000e+00	1.20353e+00
1.589217713799e+16	1.34017e+13	1.00000e+00	1.67551e+00	8.45083e+06	1.00000e+00	2.49768e-08	1.08935e-24	1.55426e-06	0.00000e+00	0.00000e+00	1.20326e+00
1.590557887769e+16	1.27238e+13	1.00000e+00	1.75005e+00	8.09490e+06	1.00000e+00	2.60876e-08	1.12949e-24	1.63150e-06	0.00000e+00	0.00000e+00	1.20319e+00
1.591830269026e+16	1.15752e+13	1.00000e+00	1.82633e+00	7.75733e+06	1.00000e+00	2.72368e-08	1.17118e-24	1.71209e-06	0.00000e+00	0.00000e+00	1.20319e+00
1.592987787049e+16	1.06398e+13	1.00000e+00	1.90548e+00	7.43492e+06	1.00000e+00	2.84335e-08	1.21449e-24	1.79673e-06	0.00000e+00	0.00000e+00	1.20319e+00
1.594051764692e+16	9.81433e+12	1.00000e+00	1.98799e+00	7.12665e+06	1.00000e+00	2.96809e-08	1.25935e-24	1.88575e-06	0.00000e+00	0.00000e+00	1.20318e+00
1.595033197515e+16	9.07545e+12	1.00000e+00	2.07411e+00	6.83055e+06	1.00000e+00	3.09873e-08	1.30616e-24	1.97983e-06	0.00000e+00	0.00000e+00	1.20318e+00
1.595940742989e+16	8.37447e+12	1.00000e+00	2.16393e+00	6.54708e+06	1.00000e+00	3.23514e-08	1.35480e-24	2.07900e-06	0.00000e+00	0.00000e+00	1.20317e+00
1.596778189584e+16	7.73662e+12	1.00000e+00	2.25775e+00	6.27514e+06	1.00000e+00	3.37788e-08	1.40548e-24	2.18379e-06	0.00000e+00	0.00000e+00	1.20316e+00
1.597551851316e+16	7.14093e+12	1.00000e+00	2.35570e+00	6.01426e+06	1.00000e+00	3.52727e-08	1.45831e-24	2.29457e-06	0.00000e+00	0.00000e+00	1.20315e+00
1.598265944069e+16	6.58501e+12	1.00000e+00	2.45798e+00	5.76398e+06	1.00000e+00	3.68369e-08	1.51346e-24	2.41176e-06	0.00000e+00	0.00000e+00	1.20315e+00
1.598924445188e+16	6.06628e+12	1.00000e+00	2.56478e+00	5.52421e+06	1.00000e+00	3.84727e-08	1.57088e-24	2.53561e-06	0.00000e+00	0.00000e+00	1.20313e+00
1.599531073631e+16	5.59063e+12	1.00000e+00	2.67635e+00	5.29376e+06	1.00000e+00	4.01897e-08	1.63106e-24	2.66701e-06	0.00000e+00	0.00000e+00	1.20313e+00
1.600090136866e+16	5.13682e+12	1.00000e+00	2.79287e+00	5.07301e+06	1.00000e+00	4.19862e-08	1.69380e-24	2.80605e-06	0.00000e+00	0.00000e+00	1.20312e+00
1.600603818679e+16	4.72208e+12	1.00000e+00	2.91477e+00	4.86099e+06	1.00000e+00	4.38716e-08	1.75948e-24	2.95368e-06	0.00000e+00	0.00000e+00	1.20311e+00
1.601076026565e+16	4.33056e+12	1.00000e+00	3.04224e+00	4.65745e+06	1.00000e+00	4.58504e-08	1.82828e-24	3.11048e-06	0.00000e+00	0.00000e+00	1.20310e+00
1.601509082776e+16	3.96370e+12	1.00000e+00	3.17559e+00	4.46202e+06	1.00000e+00	4.79284e-08	1.90041e-24	3.27716e-06	0.00000e+00	0.00000e+00	1.20308e+00
1.601905452442e+16	3.61994e+12	1.00000e+00	3.31514e+00	4.27438e+06	1.00000e+00	5.01115e-08	1.97608e-24	3.45452e-06	0.00000e+00	0.00000e+00	1.20306e+00
1.602267446112e+16	3.29831e+12	1.00000e+00	3.46122e+00	4.09172e+06	1.00000e+00	5.24394e-08	2.05757e-24	3.64614e-06	0.00000e+00	0.00000e+00	1.20322e+00
1.602597276967e+16	2.95547e+12	1.00000e+00	3.61304e+00	3.91991e+06	1.00000e+00	5.48387e-08	2.14069e-24	3.84629e-06	0.00000e+00	0.00000e+00	1.20321e+00
1.602892823954e+16	2.69724e+12	1.00000e+00	3.77317e+00	3.75375e+06	1.00000e+00	5.73811e-08	2.22872e-24	4.06130e-06	0.00000e+00	0.00000e+00	1.20319e+00
1.603162548444e+16	2.43736e+12	1.00000e+00	3.94083e+00	3.59406e+06	1.00000e+00	6.00607e-08	2.32166e-24	4.29115e-06	0.00000e+00	0.00000e+00	1.20317e+00
1.603406284214e+16	2.19427e+12	1.00000e+00	4.11662e+00	3.44095e+06	1.00000e+00	6.28802e-08	2.41933e-24	4.53654e-06	0.00000e+00	0.00000e+00	1.20313e+00
1.603625711161e+16	1.97242e+12	1.00000e+00	4.30095e+00	3.29363e+06	1.00000e+00	6.58588e-08	2.52280e-24	4.79966e-06	0.00000e+00	0.00000e+00	1.20310e+00
1.603822953349e+16	1.76400e+12	1.00000e+00	4.49067e+00	3.14944e+06	1.00000e+00	6.90657e-08	2.63832e-24	5.08737e-06	0.00000e+00	0.00000e+00	1.20322e+00
1.603999353493e+16	1.54114e+12	1.00000e+00	4.69227e+00	3.01966e+06	1.00000e+00	7.22356e-08	2.74487e-24	5.37611e-06	0.00000e+00	0.00000e+00	1.20293e+00
1.604153467877e+16	1.43439e+12	1.00000e+00	4.90899e+00	2.88597e+06	1.00000e+00	7.58260e-08	2.87091e-24	5.70845e-06	0.00000e+00	0.00000e+00	1.20293e+00
1.604296906396e+16	1.23851e+12	1.00000e+00	5.13121e+00	2.76062e+06	1.00000e+00	7.95380e-08	3.00166e-24	6.05786e-06	0.00000e+00	0.00000e+00	1.20292e+00
1.604420756966e+16	1.09104e+12	1.00000e+00	5.36464e+00	2.64016e+06	1.00000e+00	8.34706e-08	3.14076e-24	6.43441e-06	0.00000e+00	0.00000e+00	1.20291e+00
1.604529860756e+16	9.56486e+11	1.00000e+00	5.60997e+00	2.52441e+06	1.00000e+00	8.76402e-08	3.28888e-24	6.84072e-06	0.00000e+00	0.00000e+00	1.20290e+00
1.604625509374e+16	8.34433e+11	1.00000e+00	5.86844e+00	2.41351e+06	1.00000e+00	9.20519e-08	3.44582e-24	7.27844e-06	0.00000e+00	0.00000e+00	1.20283e+00
1.604708952710e+16	7.26409e+11	1.00000e+00	6.14099e+00	2.30619e+06	1.00000e+00	9.67726e-08	3.61529e-24	7.75562e-06	0.00000e+00	0.00000e+00	1.20281e+00
1.604781593581e+16	6.24377e+11	1.00000e+00	6.42738e+00	2.20325e+06	1.00000e+00	1.01786e-07	3.79642e-24	8.27220e-06	0.00000e+00	0.00000e+00	1.20279e+00
1.604844031245e+16	5.34551e+11	1.00000e+00	6.72906e+00	2.10448e+06	1.00000e+00	1.07117e-07	3.99018e-24	8.83249e-06	0.00000e+00	0.00000e+00	1.20276e+00
1.604897486334e+16	4.55586e+11	1.00000e+00	7.04620e+00	2.00970e+06	1.00000e+00	1.12793e-07	4.19814e-24	9.44116e-06	0.00000e+00	0.00000e+00	1.20272e+00
1.604943044904e+16	3.86421e+11	1.00000e+00	7.37803e+00	1.91938e+06	1.00000e+00	1.18798e-07	4.41984e-24	1.00987e-05	0.00000e+00	0.00000e+00	1.20268e+00
1.604981686982e+16	3.28453e+11	1.00000e+00	7.72347e+00	1.83324e+06	1.00000e+00	1.25158e-07	4.65749e-24	1.08102e-05	0.00000e+00	0.00000e+00	1.20269e+00
1.605014532260e+16	2.79604e+11	1.00000e+00	8.08130e+00	1.75201e+06	1.00000e+00	1.31818e-07	4.90824e-24	1.15714e-05	0.00000e+00	0.00000e+00	1.20267e+00
1.605042492680e+16	2.41236e+11	1.00000e+00	8.45248e+00	1.67514e+06	1.00000e+00	1.38812e-07	5.17396e-24	1.23885e-05	0.00000e+00	0.00000e+00	1.20264e+00
1.605066616283e+16	2.10274e+11	1.00000e+00	8.83698e+00	1.60228e+06	1.00000e+00	1.46166e-07	5.45645e-24	1.32668e-05	0.00000e+00	0.00000e+00	1.20262e+00
1.605087643677e+16	1.84980e+11	1.00000e+00	9.23558e+00	1.53331e+06	1.00000e+00	1.53886e-07	5.75599e-24	1.42100e-05	0.00000e+00	0.00000e+00	1.20259e+00
1.605106141640e+16	1.64492e+11	1.00000e+00	9.64996e+00	1.46774e+06	1.00000e+00	1.62023e-07	6.07522e-24	1.52271e-05	0.00000e+00	0.00000e+00	1.20254e+00
1.605122590886e+16	1.47285e+11	1.00000e+00	1.00822e+01	1.40565e+06	1.00000e+00	1.70564e-07	6.41256e-24	1.63199e-05	0.00000e+00	0.00000e+00	1.20239e+00
1.605137319360e+16	1.33363e+11	1.00000e+00	1.05324e+01	1.34541e+06	1.00000e+00	1.79754e-07	6.78394e-24	1.75242e-05	0.00000e+00	0.00000e+00	1.20241e+00
1.605150655647e+16	1.19149e+11	1.00000e+00	1.09960e+01	1.28805e+06	1.00000e+00	1.89471e-07	7.18464e-24	1.88293e-05	0.00000e+00	0.00000e+00	1.20246e+00
1.605162570502e+16	1.07022e+11	1.00000e+00	1.14809e+01	1.23412e+06	1.00000e+00	1.99609e-07	7.60344e-24	2.02254e-05	0.00000e+00	0.00000e+00	1.20240e+00
1.605173272728e+16	9.79558e+10	1.00000e+00	1.19911e+01	1.18186e+06	1.00000e+00	2.10513e-07	8.06196e-24	2.17657e-05	0.00000e+00	0.00000e+00	1.20236e+00
1.605183068311e+16	8.86185e+10	1.00000e+00	1.25220e+01	1.13188e+06	1.00000e+00	2.22103e-07	8.55798e-24	2.34467e-05	0.00000e+00	0.00000e+00	1.20233e+00
1.605191930161e+16	8.02795e+10	1.00000e+00	1.30752e+01	1.08408e+06	1.00000e+00	2.34429e-07	9.09457e-24	2.52835e-05	0.00000e+00	0.00000e+00	1.20231e+00
1.605199958108e+16	7.28235e+10	1.00000e+00	1.36513e+01	1.03832e+06	1.00000e+00	2.47559e-07	9.67734e-24	2.72952e-05	0.00000e+00	0.00000e+00	1.20230e+00
1.605207240454e+16	6.60874e+10	1.00000e+00	1.42511e+01	9.94600e+05	1.00000e+00	2.61519e-07	1.03084e-23	2.94960e-05	0.00000e+00	0.00000e+00	1.20228e+00
1.605213849197e+16	6.01434e+10	1.00000e+00	1.48761e+01	9.52809e+05	1.00000e+00	2.76377e-07	1.09930e-23	3.19082e-05	0.00000e+00	0.00000e+00	1.20226e+00
1.605219863535e+16	5.48498e+10	1.00000e+00	1.55275e+01	9.12838e+05	1.00000e+00	2.92210e-07	1.17372e-23	3.45574e-05	0.00000e+00	0.00000e+00	1.20225e+00
1.605225348517e+16	5.01060e+10	1.00000e+00	1.62070e+01	8.74574e+05	1.00000e+00	3.09110e-07	1.25483e-23	3.74739e-05	0.00000e+00	0.00000e+00	1.20223e+00
1.605230359113e+16	4.58096e+10	1.00000e+00	1.69167e+01	8.37903e+05	1.00000e+00	3.27182e-07	1.34345e-23	4.06935e-05	0.00000e+00	0.00000e+00	1.20221e+00
1.605234940070e+16	4.18684e+10	1.00000e+00	1.76596e+01	8.02699e+05	1.00000e+00	3.46555e-07	1.44061e-23	4.42606e-05	0.00000e+00	0.00000e+00	1.20218e+00
1.605239126910e+16	3.81863e+10	1.00000e+00	1.84387e+01	7.68818e+05	1.00000e+00	3.67402e-07	1.54767e-23	4.82317e-05	0.00000e+00	0.00000e+00	1.20215e+00
1.605242945541e+16	3.46605e+10	1.00000e+00	1.92566e+01	7.35767e+05	1.00000e+00	3.90187e-07	1.66829e-23	5.27293e-05	0.00000e+00	0.00000e+00	1.20231e+00
1.605246411588e+16	3.08634e+10	1.00000e+00	2.01098e+01	7.04579e+05	1.00000e+00	4.14303e-07	1.79869e-23	5.76676e-05	0.00000e+00	0.00000e+00	1.20229e+00
1.605249497929e+16	2.78904e+10	1.00000e+00	2.10128e+01	6.74290e+05	1.00000e+00	4.40596e-07	1.94486e-23	6.32604e-05	0.00000e+00	0.00000e+00	1.20227e+00
1.605252286964e+16	2.48350e+10	1.00000e+00	2.19620e+01	6.45160e+05	1.00000e+00	4.69039e-07	2.10751e-23	6.95555e-05	1.40130e-45	0.00000e+00	1.20225e+00
1.605254770462e+16	2.20013e+10	1.00000e+00	2.29587e+01	6.17186e+05	1.00000e+00	4.99807e-07	2.28870e-23	7.66512e-05	5.60519e-45	0.00000e+00	1.20223e+00
1.605256970596e+16	1.94170e+10	1.00000e+00	2.40010e+01	5.90371e+05	1.00000e+00	5.33074e-07	2.49093e-23	8.46586e-05	1.54143e-44	0.00000e+00	1.20221e+00
1.605258912296e+16	1.70999e+10	1.00000e+00	2.50878e+01	5.64785e+05	1.00000e+00	5.68911e-07	2.71597e-23	9.36748e-05	4.34403e-44	0.00000e+00	1.20220e+00
1.605260622281e+16	1.50985e+10	1.00000e+00	2.62195e+01	5.40397e+05	1.00000e+00	6.07482e-07	2.96640e-23	1.03836e-04	1.21913e-43	0.00000e+00	1.20218e+00
1.605262132133e+16	1.33823e+10	1.00000e+00	2.73977e+01	5.17158e+05	1.00000e+00	6.49021e-07	3.24557e-23	1.15307e-04	3.48923e-43	0.00000e+00	1.20217e+00
1.605263470359e+16	1.19123e+10	1.00000e+00	2.86246e+01	4.94991e+05	1.00000e+00	6.93828e-07	3.55774e-23	1.28297e-04	1.01594e-42	0.00000e+00	1.20215e+00
1.605264661588e+16	1.06402e+10	1.00000e+00	2.99050e+01	4.73812e+05	9.99999e-01	7.42274e-07	3.90795e-23	1.43067e-04	3.02540e-42	0.00000e+00	1.20213e+00
1.605265725605e+16	9.52123e+09	1.00000e+00	3.12460e+01	4.53497e+05	9.99999e-01	7.94920e-07	4.30348e-23	1.59976e-04	9.23876e-42	0.00000e+00	1.20211e+00
1.605266677728e+16	8.50184e+09	1.00000e+00	3.26537e+01	4.33947e+05	9.99999e-01	8.52405e-07	4.75327e-23	1.79466e-04	2.89298e-41	0.00000e+00	1.20209e+00
1.605267527912e+16	7.54849e+09	1.00000e+00	3.41378e+01	4.15109e+05	1.00000e+00	9.15381e-07	5.26684e-23	2.02058e-04	9.26679e-41	0.00000e+00	1.20206e+00
1.605268282761e+16	6.65357e+09	1.00000e+00	3.57082e+01	3.96880e+05	9.99999e-01	9.84827e-07	5.85857e-23	2.28488e-04	3.03631e-40	0.00000e+00	1.20204e+00
1.605268948118e+16	5.79452e+09	1.00000e+00	3.73723e+01	3.79230e+05	9.99999e-01	1.06168e-06	6.54435e-23	2.59609e-04	1.01217e-39	0.00000e+00	1.20201e+00
1.605269527570e+16	4.97988e+09	1.00000e+00	3.91362e+01	3.62148e+05	9.99999e-01	1.14696e-06	7.34309e-23	2.96460e-04	3.40998e-39	0.00000e+00	1.20198e+00
1.605270025558e+16	4.22303e+09	1.00000e+00	4.10013e+01	3.45665e+05	9.99999e-01	1.24158e-06	8.27574e-23	3.40237e-04	1.15007e-38	0.00000e+00	1.20195e+00
1.605270447861e+16	3.54260e+09	1.00000e+00	4.29654e+01	3.29849e+05	9.99999e-01	1.34625e-06	9.36385e-23	3.92246e-04	3.84104e-38	0.00000e+00	1.20193e+00
1.605270802122e+16	2.95534e+09	1.00000e+00	4.50236e+01	3.14751e+05	9.99999e-01	1.46167e-06	1.06319e-22	4.54006e-04	1.25999e-37	0.00000e+00	1.20190e+00
1.605271097655e+16	2.46442e+09	1.00000e+00	4.71708e+01	3.00422e+05	9.99999e-01	1.58832e-06	1.21046e-22	5.27192e-04	4.03352e-37	0.00000e+00	1.20186e+00
1.605271344097e+16	2.06674e+09	1.00000e+00	4.94006e+01	2.86848e+05	9.99998e-01	1.72716e-06	1.38147e-22	6.13996e-04	1.25956e-36	0.00000e+00	1.20182e+00
1.605271550772e+16	1.74698e+09	1.00000e+00	5.17099e+01	2.74192e+05	9.99998e-01	1.87687e-06	1.57590e-22	7.15453e-04	3.79664e-36	0.00000e+00	1.20162e+00
1.605271725469e+16	1.51385e+09	1.00000e+00	5.41188e+01	2.61975e+05	9.99999e-01	2.04408e-06	1.80694e-22	8.38420e-04	1.14384e-35	0.00000e+00	1.20158e+00
1.605271876854e+16	1.29859e+09	1.00000e+00	5.65927e+01	2.50514e+05	9.99998e-01	2.22580e-06	2.07425e-22	9.83839e-04	3.33295e-35	0.00000e+00	1.20153e+00
1.605272006713e+16	1.13535e+09	1.00000e+00	5.91543e+01	2.39661e+05	9.99998e-01	2.42505e-06	2.38665e-22	1.15757e-03	9.55416e-35	0.00000e+00	1.20148e+00
1.605272120248e+16	1.00283e+09	1.00000e+00	6.18087e+01	2.29365e+05	9.99998e-01	2.64400e-06	2.75294e-22	1.36587e-03	2.69975e-34	0.00000e+00	1.20143e+00
1.605272220531e+16	8.93608e+08	1.00000e+00	6.45613e+01	2.19583e+05	9.99998e-01	2.88508e-06	3.18372e-22	1.61648e-03	7.53104e-34	0.00000e+00	1.20138e+00
1.605272309892e+16	8.02393e+08	1.00000e+00	6.74184e+01	2.10277e+05	9.99997e-01	3.15111e-06	3.69267e-22	1.91901e-03	2.07653e-33	0.00000e+00	1.20132e+00
1.605272390131e+16	7.25230e+08	1.00000e+00	7.03901e+01	2.01437e+05	9.99997e-01	3.44442e-06	4.29425e-22	2.28435e-03	5.65553e-33	0.00000e+00	1.20121e+00
1.605272462654e+16	6.61053e+08	1.00000e+00	7.34758e+01	1.92928e+05	9.99997e-01	3.77268e-06	5.01831e-22	2.73180e-03	1.53520e-32	0.00000e+00	1.20119e+00
1.605272528759e+16	5.99501e+08	1.00000e+00	7.66741e+01	1.84883e+05	9.99996e-01	4.13394e-06	5.87617e-22	3.27187e-03	4.08724e-32	0.00000e+00	1.20111e+00
1.605272588709e+16	5.51113e+08	1.00000e+00	8.00115e+01	1.77166e+05	9.99996e-01	4.53780e-06	6.91063e-22	3.93270e-03	1.08283e-31	0.00000e+00	1.20103e+00
1.605272643821e+16	5.06057e+08	1.00000e+00	8.34959e+01	1.69851e+05	9.99996e-01	4.98435e-06	8.14524e-22	4.73323e-03	2.82350e-31	0.00000e+00	1.20082e+00
1.605272694426e+16	4.70037e+08	1.00000e+00	8.71257e+01	1.62725e+05	9.99995e-01	5.49317e-06	9.66935e-22	5.72436e-03	7.37566e-31	0.00000e+00	1.20077e+00
1.605272741430e+16	4.29328e+08	1.00000e+00	9.08834e+01	1.56018e+05	9.99994e-01	6.05447e-06	1.14947e-21	6.91555e-03	1.87268e-30	0.00000e+00	1.20061e+00
1.605272784363e+16	3.99471e+08	1.00000e+00	9.48120e+01	1.49541e+05	9.99994e-01	6.69054e-06	1.37450e-21	8.37310e-03	4.72895e-30	0.00000e+00	1.20047e+00
1.605272824310e+16	3.68957e+08	1.00000e+00	9.88998e+01	1.43373e+05	9.99993e-01	7.40318e-06	1.64943e-21	1.01289e-02	1.16964e-29	0.00000e+00	1.20028e+00
1.605272861206e+16	3.43051e+08	1.00000e+00	1.03164e+02	1.37453e+05	9.99992e-01	8.20928e-06	1.98937e-21	1.22446e-02	2.84809e-29	0.00000e+00	1.20005e+00
1.605272895511e+16	3.18608e+08	1.00000e+00	1.07603e+02	1.31788e+05	9.99992e-01	9.12069e-06	2.41060e-21	1.47688e-02	6.79069e-29	0.00000e+00	1.19979e+00
1.605272927372e+16	2.96450e+08	1.00000e+00	1.12225e+02	1.26370e+05	9.99991e-01	1.01527e-05	2.93463e-21	1.77536e-02	1.58238e-28	0.00000e+00	1.19948e+00
1.605272957017e+16	2.76563e+08	1.00000e+00	1.17041e+02	1.21182e+05	9.99989e-01	1.13251e-05	3.59036e-21	2.12513e-02	3.60014e-28	0.00000e+00	1.19911e+00
1.605272984673e+16	2.58424e+08	1.00000e+00	1.22055e+02	1.16219e+05	9.99988e-01	1.26590e-05	4.41433e-21	2.53036e-02	7.97926e-28	0.00000e+00	1.19869e+00
1.605273010515e+16	2.42076e+08	1.00000e+00	1.27273e+02	1.11474e+05	9.99986e-01	1.41795e-05	5.45360e-21	2.99455e-02	1.72066e-27	0.00000e+00	1.19820e+00
1.605273034723e+16	2.27458e+08	1.00000e+00	1.32704e+02	1.06934e+05	9.99985e-01	1.59175e-05	6.77221e-21	3.52039e-02	3.60843e-27	0.00000e+00	1.19765e+00
1.605273057469e+16	2.14328e+08	1.00000e+00	1.38355e+02	1.02592e+05	9.99983e-01	1.79085e-05	8.45398e-21	4.10932e-02	7.35627e-27	0.00000e+00	1.19703e+00
1.605273078902e+16	2.02562e+08	1.00000e+00	1.44235e+02	9.84392e+04	9.99981e-01	2.01951e-05	1.06104e-20	4.76170e-02	1.45806e-26	0.00000e+00	1.19634e+00
1.605273099158e+16	1.92044e+08	1.00000e+00	1.50377e+02	9.45010e+04	9.99978e-01	2.28031e-05	1.33643e-20	5.47597e-02	2.80496e-26	0.00000e+00	1.19543e+00
1.605273118362e+16	1.84332e+08	1.00000e+00	1.56788e+02	9.06704e+04	9.99975e-01	2.58635e-05	1.69903e-20	6.25965e-02	5.29487e-26	0.00000e+00	1.19460e+00
1.605273136795e+16	1.74528e+08	1.00000e+00	1.63413e+02	8.70283e+04	9.99971e-01	2.93875e-05	2.16969e-20	7.09717e-02	9.69335e-26	0.00000e+00	1.19372e+00
1.605273154248e+16	1.66814e+08	1.00000e+00	1.70309e+02	8.35401e+04	9.99967e-01	3.34844e-05	2.78818e-20	7.99110e-02	1.73389e-25	0.00000e+00	1.19279e+00
1.605273170930e+16	1.59804e+08	1.00000e+00	1.77489e+02	8.01973e+04	9.99962e-01	3.82644e-05	3.60654e-20	8.93828e-02	3.03542e-25	0.00000e+00	1.19180e+00
1.605273186910e+16	1.53352e+08	1.00000e+00	1.84967e+02	7.69919e+04	9.99957e-01	4.38630e-05	4.69730e-20	9.93511e-02	5.20950e-25	0.00000e+00	1.19076e+00
1.605273202245e+16	1.47339e+08	1.00000e+00	1.92758e+02	7.39175e+04	9.99950e-01	5.04446e-05	6.16188e-20	1.09777e-01	8.77898e-25	0.00000e+00	1.18967e+00
1.605273216979e+16	1.41698e+08	1.00000e+00	2.00849e+02	7.09409e+04	9.99942e-01	5.82888e-05	8.16300e-20	1.20626e-01	1.45777e-24	0.00000e+00	1.18870e+00
1.605273231149e+16	1.35084e+08	1.00000e+00	2.09258e+02	6.81258e+04	9.99933e-01	6.74547e-05	1.08578e-19	1.31747e-01	2.37143e-24	0.00000e+00	1.18754e+00
1.605273244657e+16	1.30761e+08	1.00000e+00	2.18084e+02	6.54051e+04	9.99922e-01	7.84291e-05	1.45861e-19	1.43274e-01	3.81735e-24	0.00000e+00	1.18633e+00
1.605273257733e+16	1.25737e+08	1.00000e+00	2.27292e+02	6.27907e+04	9.99909e-01	9.15576e-05	1.97651e-19	1.55096e-01	6.06357e-24	0.00000e+00	1.18510e+00
1.605273270307e+16	1.20797e+08	1.00000e+00	2.36902e+02	6.02781e+04	9.99894e-01	1.07335e-04	2.70269e-19	1.67170e-01	9.51251e-24	0.00000e+00	1.18383e+00
1.605273282387e+16	1.15917e+08	1.00000e+00	2.46935e+02	5.78629e+04	9.99874e-01	1.26384e-04	3.73079e-19	1.79455e-01	1.47514e-23	0.00000e+00	1.18254e+00
1.605273293978e+16	1.11085e+08	1.00000e+00	2.57407e+02	5.55418e+04	9.99851e-01	1.49488e-04	5.20025e-19	1.91908e-01	2.26320e-23	0.00000e+00	1.18122e+00
1.605273305087e+16	1.06326e+08	1.00000e+00	2.68344e+02	5.33100e+04	9.99823e-01	1.77656e-04	7.32338e-19	2.04492e-01	3.43975e-23	0.00000e+00	1.17987e+00
1.605273315719e+16	1.01590e+08	1.00000e+00	2.79771e+02	5.11636e+04	9.99789e-01	2.12177e-04	1.04244e-18	2.17161e-01	5.18653e-23	0.00000e+00	1.17851e+00
1.605273325879e+16	9.68643e+07	1.00000e+00	2.91710e+02	4.90990e+04	9.99746e-01	2.54701e-04	1.50042e-18	2.29872e-01	7.77291e-23	0.00000e+00	1.17713e+00
1.605273335565e+16	9.21446e+07	1.00000e+00	3.04193e+02	4.71140e+04	9.99693e-01	3.07329e-04	2.18421e-18	2.42576e-01	1.16045e-22	0.00000e+00	1.17572e+00
1.605273344779e+16	8.74811e+07	1.00000e+00	3.17251e+02	4.52027e+04	9.99628e-01	3.72879e-04	3.21826e-18	2.55233e-01	1.73127e-22	0.00000e+00	1.17429e+00
1.605273353528e+16	8.27592e+07	1.00000e+00	3.30908e+02	4.33623e+04	9.99546e-01	4.54946e-04	4.80070e-18	2.67787e-01	2.58867e-22	0.00000e+00	1.17286e+00
1.605273361803e+16	7.79944e+07	1.00000e+00	3.45188e+02	4.15882e+04	9.99442e-01	5.58284e-04	7.25332e-18	2.80181e-01	3.89218e-22	0.00000e+00	1.17142e+00
1.605273369603e+16	7.31352e+07	1.00000e+00	3.60157e+02	3.98884e+04	9.99312e-01	6.88217e-04	1.10756e-17	2.92348e-01	5.89374e-22	0.00000e+00	1.16992e+00
1.605273376916e+16	6.86487e+07	1.00000e+00	3.75893e+02	3.82473e+04	9.99148e-01	8.53275e-04	1.71340e-17	3.04304e-01	9.03018e-22	0.00000e+00	1.16839e+00
1.605273383781e+16	6.39955e+07	1.00000e+00	3.92377e+02	3.66631e+04	9.98937e-01	1.06346e-03	2.68290e-17	3.15972e-01	1.40059e-21	0.00000e+00	1.16685e+00
1.605273390181e+16	5.92435e+07	1.00000e+00	4.09613e+02	3.51387e+04	9.98670e-01	1.33063e-03	4.24228e-17	3.27283e-01	2.19656e-21	0.00000e+00	1.16529e+00
1.605273396105e+16	5.46228e+07	1.00000e+00	4.27642e+02	3.36759e+04	9.98332e-01	1.66900e-03	6.75451e-17	3.38206e-01	3.47710e-21	0.00000e+00	1.16370e+00
1.605273401567e+16	5.03014e+07	1.00000e+00	4.46533e+02	3.22737e+04	9.97905e-01	2.09566e-03	1.08060e-16	3.48744e-01	5.54324e-21	0.00000e+00	1.16204e+00
1.605273406598e+16	4.63108e+07	1.00000e+00	4.66279e+02	3.09242e+04	9.97369e-01	2.63187e-03	1.73489e-16	3.58908e-01	8.87906e-21	0.00000e+00	1.16033e+00
1.605273411229e+16	4.24488e+07	1.00000e+00	4.86931e+02	2.96483e+04	9.96709e-01	3.29140e-03	2.82221e-16	3.68664e-01	1.43699e-20	0.00000e+00	1.15835e+00
1.605273415474e+16	3.94557e+07	1.00000e+00	5.08514e+02	2.84077e+04	9.95891e-01	4.11023e-03	4.83396e-16	3.78159e-01	2.42710e-20	0.00000e+00	1.15641e+00
1.605273419419e+16	3.61369e+07	1.00000e+00	5.30791e+02	2.72352e+04	9.94909e-01	5.09185e-03	8.23334e-16	3.87255e-01	4.10174e-20	0.00000e+00	1.15434e+00
1.605273423033e+16	3.35781e+07	1.00000e+00	5.53919e+02	2.61182e+04	9.93738e-01	6.26261e-03	1.39048e-15	3.96088e-01	6.88540e-20	0.00000e+00	1.15210e+00
1.605273426391e+16	3.14035e+07	1.00000e+00	5.77898e+02	2.50635e+04	9.92365e-01	7.63561e-03	2.31652e-15	4.04713e-01	1.13971e-19	0.00000e+00	1.14955e+00
1.605273429531e+16	2.98506e+07	1.00000e+00	6.02842e+02	2.40513e+04	9.90757e-01	9.24324e-03	3.82392e-15	4.13267e-01	1.86444e-19	0.00000e+00	1.14674e+00
1.605273432516e+16	2.83738e+07	1.00000e+00	6.28618e+02	2.30882e+04	9.88911e-01	1.10900e-02	6.22175e-15	4.21746e-01	2.99565e-19	0.00000e+00	1.14399e+00
1.605273435353e+16	2.72082e+07	1.00000e+00	6.55221e+02	2.21818e+04	9.86815e-01	1.31856e-02	9.96517e-15	4.30212e-01	4.72088e-19	0.00000e+00	1.14077e+00
1.605273438074e+16	2.66320e+07	1.00000e+00	6.82883e+02	2.13168e+04	9.84428e-01	1.55734e-02	1.58100e-14	4.38826e-01	7.33648e-19	0.00000e+00	1.13720e+00
1.605273440737e+16	2.62538e+07	1.00000e+00	7.11560e+02	2.04938e+04	9.81729e-01	1.82718e-02	2.48259e-14	4.47635e-01	1.12259e-18	0.00000e+00	1.13326e+00
1.605273443363e+16	2.61497e+07	1.00000e+00	7.41299e+02	1.97104e+04	9.78690e-01	2.13111e-02	3.86341e-14	4.56714e-01	1.69248e-18	0.00000e+00	1.12891e+00
1.605273445978e+16	2.63153e+07	1.00000e+00	7.72165e+02	1.89636e+04	9.75272e-01	2.47286e-02	5.96764e-14	4.66140e-01	2.51664e-18	0.00000e+00	1.12412e+00
1.605273448609e+16	2.67314e+07	1.00000e+00	8.04221e+02	1.82515e+04	9.71434e-01	2.85672e-02	9.16170e-14	4.75981e-01	3.69400e-18	0.00000e+00	1.11881e+00
1.605273451282e+16	2.74051e+07	1.00000e+00	8.37554e+02	1.75719e+04	9.67122e-01	3.28788e-02	1.39993e-13	4.86307e-01	5.35840e-18	0.00000e+00	1.11294e+00
1.605273454023e+16	2.83452e+07	1.00000e+00	8.72265e+02	1.69229e+04	9.62275e-01	3.77260e-02	2.13217e-13	4.97184e-01	7.69081e-18	0.00000e+00	1.10641e+00
1.605273456857e+16	2.95624e+07	1.00000e+00	9.08466e+02	1.63025e+04	9.56818e-01	4.31827e-02	3.24117e-13	5.08667e-01	1.09358e-17	0.00000e+00	1.09913e+00
1.605273459814e+16	3.10739e+07	1.00000e+00	9.46286e+02	1.57091e+04	9.50665e-01	4.93359e-02	4.92387e-13	5.20800e-01	1.54248e-17	0.00000e+00	1.09100e+00
1.605273462921e+16	3.29020e+07	1.00000e+00	9.85883e+02	1.51411e+04	9.43714e-01	5.62872e-02	7.48404e-13	5.33606e-01	2.16064e-17	0.00000e+00	1.08189e+00
1.605273466211e+16	3.50854e+07	1.00000e+00	1.02744e+03	1.45970e+04	9.35844e-01	6.41568e-02	1.13952e-12	5.47081e-01	3.00925e-17	0.00000e+00	1.07166e+00
1.605273469720e+16	3.76514e+07	1.00000e+00	1.07117e+03	1.40755e+04	9.26919e-01	7.30815e-02	1.73980e-12	5.61178e-01	4.17125e-17	0.00000e+00	1.06015e+00
1.605273473485e+16	4.06460e+07	1.00000e+00	1.11732e+03	1.35752e+04	9.16783e-01	8.32183e-02	2.65181e-12	5.75792e-01	5.72979e-17	0.00000e+00	1.04718e+00
1.605273477550e+16	4.41173e+07	1.00000e+00	1.16620e+03	1.30950e+04	9.05257e-01	9.47441e-02	4.05298e-12	5.90744e-01	7.83095e-17	0.00000e+00	1.03255e+00
1.605273481961e+16	4.81215e+07	1.00000e+00	1.21814e+03	1.26338e+04	8.92146e-01	1.07855e-01	6.22334e-12	6.05758e-01	1.06711e-16	0.00000e+00	1.01605e+00
1.605273486773e+16	5.27247e+07	1.00000e+00	1.27358e+03	1.21904e+04	8.77234e-01	1.22768e-01	9.60962e-12	6.20443e-01	1.45134e-16	0.00000e+00	9.97436e-01
1.605273492046e+16	5.79833e+07	1.00000e+00	1.33297e+03	1.17639e+04	8.60295e-01	1.39705e-01	1.49302e-11	6.34271e-01	1.97152e-16	0.00000e+00	9.76479e-01
1.605273497844e+16	6.39746e+07	1.00000e+00	1.39680e+03	1.13536e+04	8.41102e-01	1.58899e-01	2.33500e-11	6.46577e-01	2.67660e-16	0.00000e+00	9.52956e-01
1.605273504242e+16	7.08093e+07	1.00000e+00	1.46582e+03	1.09589e+04	8.19418e-01	1.80583e-01	3.67710e-11	6.56560e-01	3.63446e-16	0.00000e+00	9.26608e-01
1.605273511323e+16	7.86540e+07	1.00000e+00	1.54092e+03	1.05788e+04	7.95004e-01	2.04997e-01	5.83519e-11	6.63311e-01	4.94071e-16	0.00000e+00	8.97154e-01
1.605273519188e+16	8.75530e+07	1.00000e+00	1.62289e+03	1.02099e+04	7.67667e-01	2.32334e-01	9.34446e-11	6.65846e-01	6.72974e-16	0.00000e+00	8.64576e-01
1.605273527943e+16	9.69251e+07	1.00000e+00	1.71219e+03	9.85286e+03	7.37482e-01	2.62519e-01	1.50590e-10	6.63243e-01	9.17148e-16	0.00000e+00	8.29025e-01
1.605273537636e+16	9.69251e+07	1.00000e+00	1.80117e+03	9.53844e+03	7.07606e-01	2.92395e-01	2.33170e-10	6.55994e-01	1.21516e-15	0.00000e+00	7.93984e-01
