#elapsed time	time step 	scale cont	scalingDen	<T>	<H+/H rad>	<H0/H rad>	<2*H2/H rad>	<He+/He rad>	<CO/H>	<redshift>	<ne/nH>
0.000000000000e+00	0.00000e+00	1.00000e+00	1.41558e-01	1.00000e+08	1.00000e+00	2.00054e-09	1.22350e-25	1.04408e-07	0.00000e+00	0.00000e+00	1.20325e+00
0.000000000000e+00	0.00000e+00	1.00000e+00	1.41558e-01	1.00000e+08	1.00000e+00	2.00054e-09	1.22315e-25	1.04408e-07	0.00000e+00	0.00000e+00	1.20355e+00
0.000000000000e+00	0.00000e+00	1.00000e+00	1.41558e-01	1.00000e+08	1.00000e+00	2.00054e-09	1.22307e-25	1.04408e-07	0.00000e+00	0.00000e+00	1.20362e+00
1.561103482503e+12	3.12221e+12	1.00000e+00	1.41558e-01	9.99788e+07	1.00000e+00	2.00098e-09	1.22353e-25	1.04433e-07	0.00000e+00	0.00000e+00	1.20365e+00
4.683310447508e+12	6.24441e+12	1.00000e+00	1.41558e-01	9.99389e+07	1.00000e+00	2.00182e-09	1.22446e-25	1.04479e-07	0.00000e+00	0.00000e+00	1.20365e+00
1.092772437752e+13	1.24888e+13	1.00000e+00	1.41558e-01	9.98588e+07	1.00000e+00	2.00350e-09	1.22633e-25	1.04573e-07	0.00000e+00	0.00000e+00	1.20365e+00
2.341655223754e+13	2.49777e+13	1.00000e+00	1.41558e-01	9.96986e+07	1.00000e+00	2.00686e-09	1.23009e-25	1.04760e-07	0.00000e+00	0.00000e+00	1.20365e+00
4.839420795759e+13	4.99553e+13	1.00000e+00	1.41558e-01	9.93788e+07	1.00000e+00	2.01362e-09	1.23763e-25	1.05136e-07	0.00000e+00	0.00000e+00	1.20365e+00
9.834951939768e+13	9.99106e+13	1.00000e+00	1.41558e-01	9.87413e+07	1.00000e+00	2.02722e-09	1.25289e-25	1.05894e-07	0.00000e+00	0.00000e+00	1.20365e+00
1.982601422779e+14	1.99821e+14	1.00000e+00	1.41558e-01	9.74740e+07	1.00000e+00	2.05481e-09	1.28408e-25	1.07430e-07	0.00000e+00	0.00000e+00	1.20365e+00
3.980813880382e+14	3.99642e+14	1.00000e+00	1.41558e-01	9.49709e+07	1.00000e+00	2.11147e-09	1.34923e-25	1.10589e-07	0.00000e+00	0.00000e+00	1.20365e+00
7.977238795589e+14	6.06521e+14	1.00000e+00	1.41558e-01	9.12441e+07	1.00000e+00	2.20166e-09	1.45593e-25	1.15628e-07	0.00000e+00	0.00000e+00	1.20365e+00
1.404245307551e+15	5.93977e+14	1.00000e+00	1.41558e-01	8.76630e+07	1.00000e+00	2.29563e-09	1.57095e-25	1.20890e-07	0.00000e+00	0.00000e+00	1.20365e+00
1.998222548908e+15	5.81611e+14	1.00000e+00	1.41558e-01	8.42222e+07	1.00000e+00	2.39354e-09	1.69496e-25	1.26384e-07	0.00000e+00	0.00000e+00	1.20365e+00
2.579833679466e+15	5.69455e+14	1.00000e+00	1.41558e-01	8.09161e+07	1.00000e+00	2.49554e-09	1.82863e-25	1.32120e-07	0.00000e+00	0.00000e+00	1.20365e+00
3.149288359012e+15	5.57490e+14	1.00000e+00	1.41558e-01	7.77396e+07	1.00000e+00	2.60179e-09	1.97272e-25	1.38109e-07	0.00000e+00	0.00000e+00	1.20365e+00
3.706778294415e+15	5.45746e+14	1.00000e+00	1.41558e-01	7.46874e+07	1.00000e+00	2.71249e-09	2.12802e-25	1.44362e-07	0.00000e+00	0.00000e+00	1.20364e+00
4.252524346212e+15	5.34190e+14	1.00000e+00	1.41558e-01	7.17556e+07	1.00000e+00	2.82776e-09	2.29534e-25	1.50888e-07	0.00000e+00	0.00000e+00	1.20364e+00
4.786714144386e+15	5.22966e+14	1.00000e+00	1.41558e-01	6.89380e+07	1.00000e+00	2.94786e-09	2.47571e-25	1.57702e-07	0.00000e+00	0.00000e+00	1.20364e+00
5.309680144621e+15	5.11806e+14	1.00000e+00	1.41558e-01	6.62306e+07	1.00000e+00	3.07296e-09	2.67007e-25	1.64815e-07	0.00000e+00	0.00000e+00	1.20364e+00
5.821486383878e+15	5.00815e+14	1.00000e+00	1.41558e-01	6.36292e+07	1.00000e+00	3.20328e-09	2.87951e-25	1.72240e-07	0.00000e+00	0.00000e+00	1.20364e+00
6.322300987341e+15	4.89991e+14	1.00000e+00	1.41558e-01	6.11298e+07	1.00000e+00	3.33900e-09	3.10518e-25	1.79991e-07	0.00000e+00	0.00000e+00	1.20364e+00
6.812291518681e+15	4.79360e+14	1.00000e+00	1.41558e-01	5.87282e+07	1.00000e+00	3.48036e-09	3.34831e-25	1.88082e-07	0.00000e+00	0.00000e+00	1.20364e+00
7.291651718153e+15	4.68895e+14	1.00000e+00	1.41558e-01	5.64207e+07	1.00000e+00	3.62760e-09	3.61026e-25	1.96527e-07	0.00000e+00	0.00000e+00	1.20364e+00
7.760546678983e+15	4.58581e+14	1.00000e+00	1.41558e-01	5.42036e+07	1.00000e+00	3.78095e-09	3.89249e-25	2.05342e-07	0.00000e+00	0.00000e+00	1.20364e+00
8.219127977032e+15	4.48457e+14	1.00000e+00	1.41558e-01	5.20731e+07	1.00000e+00	3.94067e-09	4.19653e-25	2.14545e-07	0.00000e+00	0.00000e+00	1.20364e+00
8.667584874348e+15	4.38458e+14	1.00000e+00	1.41558e-01	5.00262e+07	1.00000e+00	4.10702e-09	4.52405e-25	2.24149e-07	0.00000e+00	0.00000e+00	1.20364e+00
9.106042886248e+15	4.28622e+14	1.00000e+00	1.41558e-01	4.80594e+07	1.00000e+00	4.28025e-09	4.87685e-25	2.34175e-07	0.00000e+00	0.00000e+00	1.20364e+00
9.534665082135e+15	4.18937e+14	1.00000e+00	1.41558e-01	4.61696e+07	1.00000e+00	4.46066e-09	5.25683e-25	2.44639e-07	0.00000e+00	0.00000e+00	1.20364e+00
9.953601897775e+15	4.09402e+14	1.00000e+00	1.41558e-01	4.43536e+07	1.00000e+00	4.64853e-09	5.66613e-25	2.55562e-07	0.00000e+00	0.00000e+00	1.20364e+00
1.036300358973e+16	3.99983e+14	1.00000e+00	1.41558e-01	4.26089e+07	1.00000e+00	4.84418e-09	6.10692e-25	2.66962e-07	0.00000e+00	0.00000e+00	1.20364e+00
1.076298666415e+16	3.90716e+14	1.00000e+00	1.41558e-01	4.09323e+07	1.00000e+00	5.04794e-09	6.58168e-25	2.78864e-07	0.00000e+00	0.00000e+00	1.20364e+00
1.115370236177e+16	3.81557e+14	1.00000e+00	1.41558e-01	3.93213e+07	1.00000e+00	5.26012e-09	7.09297e-25	2.91287e-07	0.00000e+00	0.00000e+00	1.20363e+00
1.153525890578e+16	3.72519e+14	1.00000e+00	1.41558e-01	3.77733e+07	1.00000e+00	5.48109e-09	7.64358e-25	3.04256e-07	0.00000e+00	0.00000e+00	1.20363e+00
1.190777745352e+16	3.63603e+14	1.00000e+00	1.41558e-01	3.62858e+07	1.00000e+00	5.71120e-09	8.23654e-25	3.17795e-07	0.00000e+00	0.00000e+00	1.20363e+00
1.227138079905e+16	3.54803e+14	1.00000e+00	1.41558e-01	3.48565e+07	1.00000e+00	5.95084e-09	8.87514e-25	3.31931e-07	0.00000e+00	0.00000e+00	1.20363e+00
1.262618334814e+16	3.46089e+14	1.00000e+00	1.41558e-01	3.34830e+07	1.00000e+00	6.20040e-09	9.56288e-25	3.46690e-07	0.00000e+00	0.00000e+00	1.20363e+00
1.297227266981e+16	3.37477e+14	1.00000e+00	1.41558e-01	3.21631e+07	1.00000e+00	6.46031e-09	1.03035e-24	3.62101e-07	0.00000e+00	0.00000e+00	1.20363e+00
1.330974986512e+16	3.28942e+14	1.00000e+00	1.41558e-01	3.08947e+07	1.00000e+00	6.73102e-09	1.11012e-24	3.78195e-07	0.00000e+00	0.00000e+00	1.20363e+00
1.363869175418e+16	3.20497e+14	1.00000e+00	1.41558e-01	2.96759e+07	1.00000e+00	7.01299e-09	1.19603e-24	3.95004e-07	0.00000e+00	0.00000e+00	1.20363e+00
1.395918923275e+16	3.12131e+14	1.00000e+00	1.41558e-01	2.85045e+07	1.00000e+00	7.30669e-09	1.28857e-24	4.12562e-07	0.00000e+00	0.00000e+00	1.20363e+00
1.427132003293e+16	3.03813e+14	1.00000e+00	1.41558e-01	2.73787e+07	1.00000e+00	7.61263e-09	1.38824e-24	4.30903e-07	0.00000e+00	0.00000e+00	1.20363e+00
1.457513346272e+16	2.95545e+14	1.00000e+00	1.41558e-01	2.62967e+07	1.00000e+00	7.93132e-09	1.49560e-24	4.50067e-07	0.00000e+00	0.00000e+00	1.20363e+00
1.487067851841e+16	2.87318e+14	1.00000e+00	1.41558e-01	2.52568e+07	1.00000e+00	8.26335e-09	1.61126e-24	4.70094e-07	0.00000e+00	0.00000e+00	1.20363e+00
1.515799651362e+16	2.79118e+14	1.00000e+00	1.41558e-01	2.42571e+07	1.00000e+00	8.60930e-09	1.73587e-24	4.91027e-07	0.00000e+00	0.00000e+00	1.20363e+00
1.543711483938e+16	2.70919e+14	1.00000e+00	1.41558e-01	2.32963e+07	1.00000e+00	8.96980e-09	1.87013e-24	5.12909e-07	0.00000e+00	0.00000e+00	1.20362e+00
1.570803432693e+16	2.62750e+14	1.00000e+00	1.41558e-01	2.23726e+07	1.00000e+00	9.34549e-09	2.01483e-24	5.35791e-07	0.00000e+00	0.00000e+00	1.20362e+00
1.597078442936e+16	2.54559e+14	1.00000e+00	1.41558e-01	2.14845e+07	1.00000e+00	9.73711e-09	2.17078e-24	5.59725e-07	0.00000e+00	0.00000e+00	1.20362e+00
1.622534334857e+16	2.46343e+14	1.00000e+00	1.41558e-01	2.06308e+07	1.00000e+00	1.01454e-08	2.33892e-24	5.84766e-07	0.00000e+00	0.00000e+00	1.20362e+00
1.647168675354e+16	2.38103e+14	1.00000e+00	1.41558e-01	1.98098e+07	1.00000e+00	1.05711e-08	2.52023e-24	6.10973e-07	0.00000e+00	0.00000e+00	1.20362e+00
1.670978998885e+16	2.29809e+14	1.00000e+00	1.41558e-01	1.90203e+07	1.00000e+00	1.10151e-08	2.71578e-24	6.38411e-07	0.00000e+00	0.00000e+00	1.20362e+00
1.693959851348e+16	2.21461e+14	1.00000e+00	1.41558e-01	1.82610e+07	1.00000e+00	1.14783e-08	2.92676e-24	6.67147e-07	0.00000e+00	0.00000e+00	1.20361e+00
1.716105910260e+16	2.13058e+14	1.00000e+00	1.41558e-01	1.75308e+07	1.00000e+00	1.19616e-08	3.15447e-24	6.97255e-07	0.00000e+00	0.00000e+00	1.20361e+00
1.737411693622e+16	2.04586e+14	1.00000e+00	1.41558e-01	1.68283e+07	1.00000e+00	1.24662e-08	3.40031e-24	7.28811e-07	0.00000e+00	0.00000e+00	1.20361e+00
1.757870254282e+16	1.96057e+14	1.00000e+00	1.41558e-01	1.61527e+07	1.00000e+00	1.29928e-08	3.66577e-24	7.61896e-07	0.00000e+00	0.00000e+00	1.20361e+00
1.777475985723e+16	1.87494e+14	1.00000e+00	1.41558e-01	1.55029e+07	1.00000e+00	1.35427e-08	3.95247e-24	7.96595e-07	0.00000e+00	0.00000e+00	1.20360e+00
1.796225389511e+16	1.78928e+14	1.00000e+00	1.41558e-01	1.48780e+07	1.00000e+00	1.41168e-08	4.26212e-24	8.32994e-07	0.00000e+00	0.00000e+00	1.20360e+00
1.814118187629e+16	1.70409e+14	1.00000e+00	1.41558e-01	1.42774e+07	1.00000e+00	1.47160e-08	4.59655e-24	8.71176e-07	0.00000e+00	0.00000e+00	1.20360e+00
1.831159097471e+16	1.62018e+14	1.00000e+00	1.41558e-01	1.37002e+07	1.00000e+00	1.53413e-08	4.95761e-24	9.11223e-07	0.00000e+00	0.00000e+00	1.20359e+00
1.847360872815e+16	1.53843e+14	1.00000e+00	1.41558e-01	1.31461e+07	1.00000e+00	1.59936e-08	5.34727e-24	9.53212e-07	0.00000e+00	0.00000e+00	1.20359e+00
1.862745170252e+16	1.45982e+14	1.00000e+00	1.41558e-01	1.26143e+07	1.00000e+00	1.66735e-08	5.76758e-24	9.97222e-07	0.00000e+00	0.00000e+00	1.20358e+00
1.877343323512e+16	1.38514e+14	1.00000e+00	1.41558e-01	1.21044e+07	1.00000e+00	1.73817e-08	6.22063e-24	1.04333e-06	0.00000e+00	0.00000e+00	1.20358e+00
1.891194752925e+16	1.31511e+14	1.00000e+00	1.41558e-01	1.16156e+07	1.00000e+00	1.81192e-08	6.70874e-24	1.09162e-06	0.00000e+00	0.00000e+00	1.20357e+00
1.904345864807e+16	1.25011e+14	1.00000e+00	1.41558e-01	1.11472e+07	1.00000e+00	1.88868e-08	7.23442e-24	1.14219e-06	0.00000e+00	0.00000e+00	1.20356e+00
1.916847005183e+16	1.19017e+14	1.00000e+00	1.41558e-01	1.06985e+07	1.00000e+00	1.96856e-08	7.80043e-24	1.19514e-06	0.00000e+00	0.00000e+00	1.20356e+00
1.928748743091e+16	1.13509e+14	1.00000e+00	1.41558e-01	1.02686e+07	1.00000e+00	2.05170e-08	8.40987e-24	1.25061e-06	0.00000e+00	0.00000e+00	1.20355e+00
1.940099599821e+16	1.08435e+14	1.00000e+00	1.41558e-01	9.85655e+06	1.00000e+00	2.13823e-08	9.06618e-24	1.30872e-06	0.00000e+00	0.00000e+00	1.20355e+00
1.950943114836e+16	1.03764e+14	1.00000e+00	1.41558e-01	9.46165e+06	1.00000e+00	2.22831e-08	9.77301e-24	1.36962e-06	0.00000e+00	0.00000e+00	1.20354e+00
1.961319539888e+16	9.94469e+13	1.00000e+00	1.41558e-01	9.08307e+06	1.00000e+00	2.32209e-08	1.05344e-23	1.43347e-06	0.00000e+00	0.00000e+00	1.20353e+00
1.971264234033e+16	9.54400e+13	1.00000e+00	1.41558e-01	8.71922e+06	1.00000e+00	2.41999e-08	1.13569e-23	1.50062e-06	0.00000e+00	0.00000e+00	1.20351e+00
1.980808237497e+16	9.14841e+13	1.00000e+00	1.41558e-01	8.37155e+06	1.00000e+00	2.52159e-08	1.22509e-23	1.57083e-06	0.00000e+00	0.00000e+00	1.20350e+00
1.989956648798e+16	8.81123e+13	1.00000e+00	1.41558e-01	8.03806e+06	1.00000e+00	2.62742e-08	1.31913e-23	1.64454e-06	0.00000e+00	0.00000e+00	1.20350e+00
1.998767883442e+16	8.49514e+13	1.00000e+00	1.41558e-01	7.71800e+06	1.00000e+00	2.73773e-08	1.42174e-23	1.72199e-06	0.00000e+00	0.00000e+00	1.20349e+00
2.007263023221e+16	8.19422e+13	1.00000e+00	1.41558e-01	7.41082e+06	1.00000e+00	2.85271e-08	1.53240e-23	1.80339e-06	0.00000e+00	0.00000e+00	1.20348e+00
2.015457247175e+16	7.90746e+13	1.00000e+00	1.41558e-01	7.11592e+06	1.00000e+00	2.97263e-08	1.65332e-23	1.88900e-06	0.00000e+00	0.00000e+00	1.20348e+00
2.023364703069e+16	7.63220e+13	1.00000e+00	1.41558e-01	6.83275e+06	1.00000e+00	3.09772e-08	1.78073e-23	1.97910e-06	0.00000e+00	0.00000e+00	1.20347e+00
2.030996900545e+16	7.36652e+13	1.00000e+00	1.41558e-01	6.56077e+06	1.00000e+00	3.22827e-08	1.91995e-23	2.07399e-06	0.00000e+00	0.00000e+00	1.20347e+00
2.038363421345e+16	7.10774e+13	1.00000e+00	1.41558e-01	6.29951e+06	1.00000e+00	3.36456e-08	2.07038e-23	2.17397e-06	0.00000e+00	0.00000e+00	1.20346e+00
2.045471160303e+16	6.85540e+13	1.00000e+00	1.41558e-01	6.04850e+06	1.00000e+00	3.50690e-08	2.23300e-23	2.27940e-06	0.00000e+00	0.00000e+00	1.20345e+00
2.052326561003e+16	6.60765e+13	1.00000e+00	1.41558e-01	5.80731e+06	1.00000e+00	3.65562e-08	2.40888e-23	2.39064e-06	0.00000e+00	0.00000e+00	1.20345e+00
2.058934209343e+16	6.36376e+13	1.00000e+00	1.41558e-01	5.57561e+06	1.00000e+00	3.81098e-08	2.59913e-23	2.50803e-06	0.00000e+00	0.00000e+00	1.20344e+00
2.065297973708e+16	6.12551e+13	1.00000e+00	1.41558e-01	5.35298e+06	1.00000e+00	3.97338e-08	2.80505e-23	2.63198e-06	0.00000e+00	0.00000e+00	1.20343e+00
2.071423482492e+16	5.89147e+13	1.00000e+00	1.41558e-01	5.13900e+06	1.00000e+00	4.14324e-08	3.02812e-23	2.76302e-06	0.00000e+00	0.00000e+00	1.20342e+00
2.077314954032e+16	5.65953e+13	1.00000e+00	1.41558e-01	4.93330e+06	1.00000e+00	4.32097e-08	3.26988e-23	2.90165e-06	0.00000e+00	0.00000e+00	1.20341e+00
2.082974482447e+16	5.42926e+13	1.00000e+00	1.41558e-01	4.73551e+06	1.00000e+00	4.50706e-08	3.53214e-23	3.04846e-06	0.00000e+00	0.00000e+00	1.20340e+00
2.088403742897e+16	5.19952e+13	1.00000e+00	1.41558e-01	4.54531e+06	1.00000e+00	4.70199e-08	3.81682e-23	3.20404e-06	0.00000e+00	0.00000e+00	1.20339e+00
2.093603261295e+16	4.97024e+13	1.00000e+00	1.41558e-01	4.36239e+06	1.00000e+00	4.90629e-08	4.12606e-23	3.36906e-06	0.00000e+00	0.00000e+00	1.20338e+00
2.098573503335e+16	4.74135e+13	1.00000e+00	1.41558e-01	4.18646e+06	1.00000e+00	5.12052e-08	4.46224e-23	3.54423e-06	0.00000e+00	0.00000e+00	1.20337e+00
2.103314857803e+16	4.51303e+13	1.00000e+00	1.41558e-01	4.01724e+06	1.00000e+00	5.34529e-08	4.82800e-23	3.73036e-06	0.00000e+00	0.00000e+00	1.20335e+00
2.107827891492e+16	4.28556e+13	1.00000e+00	1.41558e-01	3.85437e+06	1.00000e+00	5.58137e-08	5.22640e-23	3.92840e-06	0.00000e+00	0.00000e+00	1.20335e+00
2.112113448047e+16	4.05687e+13	1.00000e+00	1.41558e-01	3.69772e+06	1.00000e+00	5.82933e-08	5.66063e-23	4.13918e-06	0.00000e+00	0.00000e+00	1.20334e+00
2.116170319733e+16	3.83043e+13	1.00000e+00	1.41558e-01	3.54701e+06	1.00000e+00	6.08996e-08	6.13436e-23	4.36379e-06	0.00000e+00	0.00000e+00	1.20332e+00
2.120000750357e+16	3.60591e+13	1.00000e+00	1.41558e-01	3.40203e+06	1.00000e+00	6.36400e-08	6.65150e-23	4.60329e-06	0.00000e+00	0.00000e+00	1.20330e+00
2.123606663025e+16	3.38480e+13	1.00000e+00	1.41558e-01	3.26258e+06	1.00000e+00	6.65236e-08	7.21662e-23	4.85893e-06	0.00000e+00	0.00000e+00	1.20328e+00
2.126991460892e+16	3.16763e+13	1.00000e+00	1.41558e-01	3.12844e+06	1.00000e+00	6.95595e-08	7.83476e-23	5.13206e-06	0.00000e+00	0.00000e+00	1.20325e+00
2.130159086486e+16	2.95489e+13	1.00000e+00	1.41558e-01	2.99941e+06	1.00000e+00	7.27572e-08	8.51142e-23	5.42406e-06	0.00000e+00	0.00000e+00	1.20323e+00
2.133113975313e+16	2.74756e+13	1.00000e+00	1.41558e-01	2.87531e+06	1.00000e+00	7.61280e-08	9.25303e-23	5.73667e-06	0.00000e+00	0.00000e+00	1.20320e+00
2.135861536430e+16	2.54631e+13	1.00000e+00	1.41558e-01	2.75593e+06	1.00000e+00	7.96840e-08	1.00668e-22	6.07173e-06	0.00000e+00	0.00000e+00	1.20318e+00
2.138407843111e+16	2.35137e+13	1.00000e+00	1.41558e-01	2.64109e+06	1.00000e+00	8.34384e-08	1.09607e-22	6.43131e-06	0.00000e+00	0.00000e+00	1.20315e+00
2.140759212744e+16	2.16318e+13	1.00000e+00	1.41558e-01	2.53059e+06	1.00000e+00	8.74070e-08	1.19444e-22	6.81782e-06	0.00000e+00	0.00000e+00	1.20312e+00
2.142922387943e+16	1.98143e+13	1.00000e+00	1.41558e-01	2.42421e+06	1.00000e+00	9.16065e-08	1.30286e-22	7.23392e-06	0.00000e+00	0.00000e+00	1.20309e+00
2.144903815521e+16	1.80628e+13	1.00000e+00	1.41558e-01	2.32179e+06	1.00000e+00	9.60563e-08	1.42257e-22	7.68266e-06	0.00000e+00	0.00000e+00	1.20306e+00
2.146710091028e+16	1.63775e+13	1.00000e+00	1.41558e-01	2.22317e+06	1.00000e+00	1.00776e-07	1.55495e-22	8.16731e-06	0.00000e+00	0.00000e+00	1.20303e+00
2.148347841135e+16	1.47677e+13	1.00000e+00	1.41558e-01	2.12829e+06	1.00000e+00	1.05781e-07	1.70144e-22	8.69108e-06	0.00000e+00	0.00000e+00	1.20299e+00
2.149824614351e+16	1.32504e+13	1.00000e+00	1.41558e-01	2.03718e+06	1.00000e+00	1.11086e-07	1.86348e-22	9.25686e-06	0.00000e+00	0.00000e+00	1.20296e+00
2.151149656471e+16	1.18509e+13	1.00000e+00	1.41558e-01	1.95116e+06	1.00000e+00	1.16613e-07	2.03953e-22	9.85793e-06	0.00000e+00	0.00000e+00	1.20304e+00
2.152334745795e+16	1.07527e+13	1.00000e+00	1.41558e-01	1.86789e+06	1.00000e+00	1.22519e-07	2.23622e-22	1.05132e-05	0.00000e+00	0.00000e+00	1.20301e+00
2.153410020778e+16	9.64845e+12	1.00000e+00	1.41558e-01	1.78859e+06	1.00000e+00	1.28733e-07	2.45247e-22	1.12169e-05	0.00000e+00	0.00000e+00	1.20298e+00
2.154374866252e+16	8.70459e+12	1.00000e+00	1.41558e-01	1.71330e+06	1.00000e+00	1.35249e-07	2.68943e-22	1.19701e-05	0.00000e+00	0.00000e+00	1.20295e+00
2.155245325635e+16	7.92354e+12	1.00000e+00	1.41558e-01	1.64183e+06	1.00000e+00	1.42080e-07	2.94903e-22	1.27765e-05	0.00000e+00	0.00000e+00	1.20292e+00
2.156037680050e+16	7.28093e+12	1.00000e+00	1.41558e-01	1.57391e+06	1.00000e+00	1.49246e-07	3.23371e-22	1.36408e-05	0.00000e+00	0.00000e+00	1.20289e+00
2.156765773343e+16	6.74815e+12	1.00000e+00	1.41558e-01	1.50922e+06	1.00000e+00	1.56779e-07	3.54646e-22	1.45692e-05	0.00000e+00	0.00000e+00	1.20286e+00
2.157440588694e+16	6.29781e+12	1.00000e+00	1.41558e-01	1.44751e+06	1.00000e+00	1.64711e-07	3.89076e-22	1.55685e-05	0.00000e+00	0.00000e+00	1.20284e+00
2.158070369545e+16	5.90909e+12	1.00000e+00	1.41558e-01	1.38853e+06	1.00000e+00	1.73079e-07	4.27064e-22	1.66469e-05	0.00000e+00	0.00000e+00	1.20281e+00
2.158661278206e+16	5.56483e+12	1.00000e+00	1.41558e-01	1.33210e+06	1.00000e+00	1.81921e-07	4.69056e-22	1.78128e-05	0.00000e+00	0.00000e+00	1.20279e+00
2.159217761044e+16	5.25379e+12	1.00000e+00	1.41558e-01	1.27803e+06	1.00000e+00	1.91277e-07	5.15564e-22	1.90759e-05	0.00000e+00	0.00000e+00	1.20277e+00
2.159743140284e+16	4.96752e+12	1.00000e+00	1.41558e-01	1.22614e+06	1.00000e+00	2.01201e-07	5.67263e-22	2.04483e-05	0.00000e+00	0.00000e+00	1.20265e+00
2.160239892408e+16	4.69545e+12	1.00000e+00	1.41558e-01	1.17642e+06	1.00000e+00	2.11717e-07	6.24609e-22	2.19389e-05	0.00000e+00	0.00000e+00	1.20263e+00
2.160709437543e+16	4.44381e+12	1.00000e+00	1.41558e-01	1.12879e+06	1.00000e+00	2.22863e-07	6.88310e-22	2.35591e-05	0.00000e+00	0.00000e+00	1.20261e+00
2.161153818607e+16	4.21250e+12	1.00000e+00	1.41558e-01	1.08313e+06	1.00000e+00	2.34690e-07	7.59199e-22	2.53237e-05	0.00000e+00	0.00000e+00	1.20259e+00
2.161575068522e+16	3.99680e+12	1.00000e+00	1.41558e-01	1.03938e+06	1.00000e+00	2.47239e-07	8.38122e-22	2.72464e-05	0.00000e+00	0.00000e+00	1.20257e+00
2.161974748990e+16	3.79813e+12	1.00000e+00	1.41558e-01	9.97477e+05	1.00000e+00	2.60554e-07	9.26034e-22	2.93430e-05	0.00000e+00	0.00000e+00	1.20255e+00
2.162354562325e+16	3.61681e+12	1.00000e+00	1.41558e-01	9.57351e+05	1.00000e+00	2.74683e-07	1.02400e-21	3.16311e-05	0.00000e+00	0.00000e+00	1.20254e+00
2.162716243229e+16	3.45166e+12	1.00000e+00	1.41558e-01	9.18902e+05	1.00000e+00	2.89697e-07	1.13340e-21	3.41331e-05	0.00000e+00	0.00000e+00	1.20252e+00
2.163061409405e+16	3.29973e+12	1.00000e+00	1.41558e-01	8.82024e+05	1.00000e+00	3.05674e-07	1.25582e-21	3.68756e-05	0.00000e+00	0.00000e+00	1.20250e+00
2.163391382302e+16	3.15681e+12	1.00000e+00	1.41558e-01	8.46604e+05	1.00000e+00	3.22713e-07	1.39317e-21	3.98900e-05	0.00000e+00	0.00000e+00	1.20249e+00
2.163707063700e+16	3.01819e+12	1.00000e+00	1.41558e-01	8.12542e+05	1.00000e+00	3.40921e-07	1.54772e-21	4.32138e-05	0.00000e+00	0.00000e+00	1.20247e+00
2.164008882663e+16	2.87990e+12	1.00000e+00	1.41558e-01	7.79711e+05	1.00000e+00	3.60444e-07	1.72235e-21	4.68945e-05	0.00000e+00	0.00000e+00	1.20245e+00
2.164296873096e+16	2.73586e+12	1.00000e+00	1.41558e-01	7.48046e+05	1.00000e+00	3.81415e-07	1.92025e-21	5.09827e-05	1.40130e-44	0.00000e+00	1.20244e+00
2.164570458991e+16	2.58518e+12	1.00000e+00	1.41558e-01	7.17474e+05	1.00000e+00	4.03998e-07	2.14529e-21	5.55404e-05	4.20390e-44	0.00000e+00	1.20242e+00
2.164828976761e+16	2.42685e+12	1.00000e+00	1.41558e-01	6.87941e+05	1.00000e+00	4.28366e-07	2.40202e-21	6.06388e-05	8.40779e-44	0.00000e+00	1.20240e+00
2.165071661762e+16	2.26121e+12	1.00000e+00	1.41558e-01	6.59432e+05	1.00000e+00	4.54685e-07	2.69533e-21	6.63553e-05	2.24208e-43	0.00000e+00	1.20247e+00
2.165297782425e+16	2.09213e+12	1.00000e+00	1.41558e-01	6.32000e+05	1.00000e+00	4.83058e-07	3.03090e-21	7.27625e-05	5.60519e-43	0.00000e+00	1.20237e+00
2.165506995893e+16	1.92804e+12	1.00000e+00	1.41558e-01	6.05630e+05	9.99999e-01	5.13657e-07	3.41460e-21	7.99564e-05	1.42932e-42	0.00000e+00	1.20235e+00
2.165699800026e+16	1.77121e+12	1.00000e+00	1.41558e-01	5.80453e+05	9.99999e-01	5.46458e-07	3.85110e-21	8.79964e-05	3.65739e-42	0.00000e+00	1.20242e+00
2.165876920838e+16	1.63336e+12	1.00000e+00	1.41558e-01	5.56477e+05	9.99999e-01	5.81534e-07	4.34736e-21	9.69712e-05	9.50080e-42	0.00000e+00	1.20240e+00
2.166040257229e+16	1.51642e+12	1.00000e+00	1.41558e-01	5.33617e+05	9.99999e-01	6.19089e-07	4.91227e-21	1.07016e-04	2.49431e-41	0.00000e+00	1.20238e+00
2.166191899090e+16	1.41590e+12	1.00000e+00	1.41558e-01	5.11807e+05	9.99999e-01	6.59347e-07	5.55649e-21	1.18283e-04	6.64075e-41	0.00000e+00	1.20236e+00
2.166333489062e+16	1.32904e+12	1.00000e+00	1.41558e-01	4.90955e+05	9.99999e-01	7.02613e-07	6.29404e-21	1.30970e-04	1.79829e-40	0.00000e+00	1.20227e+00
2.166466393156e+16	1.25168e+12	1.00000e+00	1.41558e-01	4.70926e+05	9.99999e-01	7.49367e-07	7.14296e-21	1.45358e-04	4.97657e-40	0.00000e+00	1.20225e+00
2.166591561120e+16	1.17720e+12	1.00000e+00	1.41558e-01	4.51654e+05	9.99999e-01	8.00044e-07	8.12463e-21	1.61754e-04	1.41022e-39	0.00000e+00	1.20223e+00
2.166709281461e+16	1.10356e+12	1.00000e+00	1.41558e-01	4.33032e+05	9.99999e-01	8.55291e-07	9.26824e-21	1.80585e-04	4.11048e-39	0.00000e+00	1.20220e+00
2.166819637914e+16	1.02649e+12	1.00000e+00	1.41558e-01	4.14977e+05	9.99999e-01	9.15866e-07	1.06101e-20	2.02388e-04	1.23687e-38	0.00000e+00	1.20220e+00
2.166922286807e+16	9.43686e+11	1.00000e+00	1.41558e-01	3.97411e+05	9.99999e-01	9.82691e-07	1.21983e-20	2.27856e-04	3.85519e-38	0.00000e+00	1.20217e+00
2.167016655432e+16	8.53998e+11	1.00000e+00	1.41558e-01	3.80269e+05	9.99999e-01	1.05689e-06	1.40946e-20	2.57894e-04	1.24773e-37	0.00000e+00	1.20214e+00
2.167102055242e+16	7.57810e+11	1.00000e+00	1.41558e-01	3.63513e+05	9.99999e-01	1.13973e-06	1.63783e-20	2.93650e-04	4.19167e-37	0.00000e+00	1.20209e+00
2.167177836272e+16	6.57601e+11	1.00000e+00	1.41558e-01	3.47146e+05	9.99999e-01	1.23255e-06	1.91472e-20	3.36534e-04	1.45327e-36	0.00000e+00	1.20204e+00
2.167243596398e+16	5.57917e+11	1.00000e+00	1.41558e-01	3.31237e+05	9.99999e-01	1.33650e-06	2.25128e-20	3.88148e-04	5.12450e-36	0.00000e+00	1.20198e+00
2.167299388087e+16	4.64638e+11	1.00000e+00	1.41558e-01	3.15941e+05	9.99999e-01	1.45203e-06	2.65842e-20	4.50041e-04	1.78991e-35	0.00000e+00	1.20191e+00
2.167345851872e+16	3.83900e+11	1.00000e+00	1.41558e-01	3.01451e+05	9.99998e-01	1.57870e-06	3.14531e-20	5.23526e-04	5.99477e-35	0.00000e+00	1.20179e+00
2.167384241892e+16	3.19447e+11	1.00000e+00	1.41558e-01	2.87914e+05	9.99998e-01	1.71565e-06	3.71853e-20	6.09698e-04	1.87392e-34	0.00000e+00	1.20199e+00
2.167416186636e+16	2.71772e+11	1.00000e+00	1.41558e-01	2.75387e+05	9.99998e-01	1.86197e-06	4.38720e-20	7.09667e-04	5.39694e-34	0.00000e+00	1.20193e+00
2.167443363829e+16	2.38983e+11	1.00000e+00	1.41558e-01	2.63708e+05	9.99998e-01	2.01906e-06	5.16924e-20	8.26299e-04	1.45047e-33	0.00000e+00	1.20189e+00
2.167467262164e+16	2.15856e+11	1.00000e+00	1.41558e-01	2.52789e+05	9.99998e-01	2.18786e-06	6.08461e-20	9.62638e-04	3.67786e-33	0.00000e+00	1.20183e+00
2.167488847762e+16	1.99880e+11	1.00000e+00	1.41558e-01	2.42497e+05	9.99998e-01	2.37047e-06	7.16297e-20	1.12330e-03	8.94014e-33	0.00000e+00	1.20177e+00
2.167508835806e+16	1.88378e+11	1.00000e+00	1.41558e-01	2.32734e+05	9.99997e-01	2.56918e-06	8.44400e-20	1.31412e-03	2.10987e-32	0.00000e+00	1.20139e+00
2.167527673579e+16	1.79624e+11	1.00000e+00	1.41558e-01	2.23394e+05	9.99997e-01	2.78736e-06	9.97272e-20	1.54337e-03	4.89612e-32	0.00000e+00	1.20165e+00
2.167545636000e+16	1.71868e+11	1.00000e+00	1.41558e-01	2.14521e+05	9.99997e-01	3.02545e-06	1.17974e-19	1.81782e-03	1.11490e-31	0.00000e+00	1.20159e+00
2.167562822800e+16	1.66192e+11	1.00000e+00	1.41558e-01	2.05978e+05	9.99997e-01	3.28895e-06	1.40111e-19	2.15207e-03	2.52458e-31	0.00000e+00	1.20113e+00
2.167579442050e+16	1.60292e+11	1.00000e+00	1.41558e-01	1.97740e+05	9.99996e-01	3.58174e-06	1.67026e-19	2.56230e-03	5.70460e-31	0.00000e+00	1.20101e+00
2.167595471284e+16	1.53893e+11	1.00000e+00	1.41558e-01	1.89859e+05	9.99996e-01	3.90502e-06	1.99666e-19	3.06443e-03	1.27942e-30	0.00000e+00	1.20087e+00
2.167610860582e+16	1.48295e+11	1.00000e+00	1.41558e-01	1.82293e+05	9.99996e-01	4.26373e-06	2.39522e-19	3.68424e-03	2.85856e-30	0.00000e+00	1.20070e+00
2.167625690038e+16	1.42931e+11	1.00000e+00	1.41558e-01	1.75038e+05	9.99995e-01	4.66201e-06	2.88316e-19	4.45269e-03	6.36159e-30	0.00000e+00	1.20049e+00
2.167639983166e+16	1.37933e+11	1.00000e+00	1.41558e-01	1.68084e+05	9.99995e-01	5.10472e-06	3.48252e-19	5.41010e-03	1.41005e-29	0.00000e+00	1.20023e+00
2.167653776468e+16	1.33349e+11	1.00000e+00	1.41558e-01	1.61414e+05	9.99994e-01	5.59800e-06	4.22199e-19	6.61008e-03	3.11373e-29	0.00000e+00	1.19991e+00
2.167667111333e+16	1.29084e+11	1.00000e+00	1.41558e-01	1.55008e+05	9.99994e-01	6.14935e-06	5.13947e-19	8.12480e-03	6.85222e-29	0.00000e+00	1.19950e+00
2.167680019761e+16	1.24953e+11	1.00000e+00	1.41558e-01	1.48846e+05	9.99993e-01	6.76814e-06	6.28544e-19	1.00524e-02	1.50262e-28	0.00000e+00	1.19897e+00
2.167692515046e+16	1.20720e+11	1.00000e+00	1.41558e-01	1.42904e+05	9.99993e-01	7.46592e-06	7.72810e-19	1.25281e-02	3.28040e-28	0.00000e+00	1.19828e+00
2.167704587027e+16	1.16136e+11	1.00000e+00	1.41558e-01	1.37164e+05	9.99992e-01	8.25673e-06	9.55978e-19	1.57382e-02	7.11065e-28	0.00000e+00	1.19738e+00
2.167716200649e+16	1.11003e+11	1.00000e+00	1.41558e-01	1.31610e+05	9.99991e-01	9.15750e-06	1.19064e-18	1.99416e-02	1.52278e-27	0.00000e+00	1.19618e+00
2.167727300946e+16	1.05214e+11	1.00000e+00	1.41558e-01	1.26231e+05	9.99990e-01	1.01884e-05	1.49409e-18	2.54979e-02	3.19644e-27	0.00000e+00	1.19460e+00
2.167737822304e+16	9.87751e+10	1.00000e+00	1.41558e-01	1.21025e+05	9.99989e-01	1.13727e-05	1.88990e-18	3.29018e-02	6.50361e-27	0.00000e+00	1.19250e+00
2.167747699818e+16	9.18447e+10	1.00000e+00	1.41558e-01	1.15997e+05	9.99987e-01	1.27358e-05	2.41755e-18	4.28186e-02	1.26395e-26	0.00000e+00	1.18618e+00
2.167756884283e+16	8.47573e+10	1.00000e+00	1.41558e-01	1.10978e+05	9.99986e-01	1.43696e-05	3.09502e-18	5.67142e-02	2.38446e-26	0.00000e+00	1.19744e+00
2.167765360011e+16	7.49628e+10	1.00000e+00	1.41558e-01	1.07044e+05	9.99984e-01	1.58903e-05	3.84002e-18	7.16263e-02	3.78751e-26	0.00000e+00	1.19644e+00
2.167772856290e+16	8.15918e+10	1.00000e+00	1.41558e-01	1.02725e+05	9.99982e-01	1.78662e-05	4.95572e-18	9.37984e-02	6.06145e-26	0.00000e+00	1.19165e+00
2.167781015468e+16	7.76226e+10	1.00000e+00	1.41558e-01	9.84965e+04	9.99980e-01	2.01922e-05	6.46053e-18	1.23731e-01	9.26385e-26	0.00000e+00	1.18860e+00
2.167788777724e+16	7.23225e+10	1.00000e+00	1.41558e-01	9.45776e+04	9.99977e-01	2.27886e-05	8.36464e-18	1.61516e-01	1.33706e-25	0.00000e+00	1.19049e+00
2.167796009979e+16	6.98166e+10	1.00000e+00	1.41558e-01	9.10700e+04	9.99974e-01	2.55690e-05	1.08155e-17	2.06171e-01	1.81830e-25	0.00000e+00	1.18027e+00
2.167802991634e+16	7.25086e+10	1.00000e+00	1.41558e-01	8.72768e+04	9.99971e-01	2.91954e-05	1.44798e-17	2.68930e-01	2.51878e-25	0.00000e+00	1.17394e+00
2.167810242495e+16	6.67334e+10	1.00000e+00	1.41558e-01	8.38928e+04	9.99967e-01	3.31245e-05	1.91447e-17	3.39630e-01	3.37424e-25	0.00000e+00	1.16682e+00
2.167816915838e+16	6.61751e+10	1.00000e+00	1.41558e-01	8.06688e+04	9.99962e-01	3.76497e-05	2.54463e-17	4.20314e-01	4.50847e-25	0.00000e+00	1.15870e+00
2.167823533350e+16	6.62328e+10	1.00000e+00	1.41558e-01	7.75972e+04	9.99957e-01	4.28695e-05	3.39904e-17	5.07574e-01	6.05920e-25	0.00000e+00	1.14991e+00
2.167830156629e+16	6.69291e+10	1.00000e+00	1.41558e-01	7.46654e+04	9.99951e-01	4.89118e-05	4.56356e-17	5.96525e-01	8.24777e-25	0.00000e+00	1.14095e+00
2.167836849536e+16	6.81791e+10	1.00000e+00	1.41558e-01	7.18625e+04	9.99944e-01	5.59314e-05	6.15849e-17	6.81592e-01	1.14206e-24	0.00000e+00	1.13237e+00
2.167843667450e+16	6.99219e+10	1.00000e+00	1.41558e-01	6.91782e+04	9.99936e-01	6.41203e-05	8.41771e-17	7.57867e-01	1.60461e-24	0.00000e+00	1.11632e+00
2.167850659635e+16	7.20780e+10	1.00000e+00	1.41558e-01	6.63781e+04	9.99925e-01	7.46495e-05	1.17891e-16	8.27246e-01	2.38748e-24	0.00000e+00	1.11152e+00
2.167857867437e+16	6.83466e+10	1.00000e+00	1.41558e-01	6.39487e+04	9.99914e-01	8.59269e-05	1.61614e-16	8.76580e-01	3.46762e-24	0.00000e+00	1.10360e+00
2.167864702093e+16	7.19638e+10	1.00000e+00	1.41558e-01	6.14998e+04	9.99900e-01	9.99346e-05	2.24198e-16	9.15401e-01	5.23199e-24	0.00000e+00	1.10858e+00
2.167871898477e+16	7.22888e+10	1.00000e+00	1.41558e-01	5.94297e+04	9.99886e-01	1.14453e-04	3.03765e-16	9.40097e-01	7.51898e-24	0.00000e+00	1.10271e+00
2.167879127362e+16	8.30125e+10	1.00000e+00	1.41558e-01	5.71377e+04	9.99866e-01	1.34263e-04	4.32452e-16	9.59826e-01	1.14985e-23	0.00000e+00	1.10134e+00
2.167887428611e+16	8.27774e+10	1.00000e+00	1.41558e-01	5.50177e+04	9.99843e-01	1.57163e-04	6.12955e-16	9.72140e-01	1.73385e-23	0.00000e+00	1.10028e+00
2.167895706347e+16	8.59285e+10	1.00000e+00	1.41558e-01	5.29626e+04	9.99815e-01	1.84926e-04	8.79282e-16	9.79716e-01	2.62124e-23	0.00000e+00	1.09934e+00
2.167904299193e+16	8.85808e+10	1.00000e+00	1.41558e-01	5.09681e+04	9.99781e-01	2.18834e-04	1.27810e-15	9.83794e-01	3.96859e-23	0.00000e+00	1.09840e+00
2.167913157274e+16	9.05457e+10	1.00000e+00	1.41558e-01	4.90334e+04	9.99740e-01	2.60502e-04	1.87528e-15	9.85227e-01	6.02764e-23	0.00000e+00	1.10263e+00
2.167922211848e+16	9.17887e+10	1.00000e+00	1.41558e-01	4.72686e+04	9.99691e-01	3.08613e-04	2.73650e-15	9.84611e-01	8.90708e-23	0.00000e+00	1.10143e+00
2.167931390723e+16	9.83396e+10	1.00000e+00	1.41558e-01	4.54424e+04	9.99628e-01	3.72109e-04	4.17600e-15	9.82037e-01	1.34923e-22	0.00000e+00	1.09440e+00
2.167941224680e+16	9.78855e+10	1.00000e+00	1.41558e-01	4.35675e+04	9.99543e-01	4.57213e-04	6.58272e-15	9.77009e-01	2.11636e-22	0.00000e+00	1.09951e+00
2.167951013227e+16	9.09811e+10	1.00000e+00	1.41558e-01	4.19892e+04	9.99450e-01	5.50435e-04	1.00348e-14	9.70302e-01	3.13173e-22	0.00000e+00	1.09102e+00
2.167960111334e+16	9.68214e+10	1.00000e+00	1.41558e-01	4.02140e+04	9.99312e-01	6.88384e-04	1.64563e-14	9.58866e-01	5.02934e-22	0.00000e+00	1.09773e+00
2.167969793477e+16	8.77333e+10	1.00000e+00	1.41558e-01	3.87768e+04	9.99164e-01	8.35772e-04	2.54356e-14	9.45156e-01	7.56244e-22	0.00000e+00	1.09668e+00
2.167978566805e+16	9.46849e+10	1.00000e+00	1.41558e-01	3.72589e+04	9.98960e-01	1.04038e-03	4.17291e-14	9.24180e-01	1.20256e-21	0.00000e+00	1.09190e+00
2.167988035298e+16	9.29659e+10	1.00000e+00	1.41558e-01	3.57485e+04	9.98685e-01	1.31464e-03	7.05048e-14	8.93476e-01	1.99821e-21	0.00000e+00	1.09309e+00
2.167997331891e+16	8.80146e+10	1.00000e+00	1.41558e-01	3.44025e+04	9.98356e-01	1.64412e-03	1.17410e-13	8.54056e-01	3.28773e-21	0.00000e+00	1.08427e+00
2.168006133355e+16	8.99775e+10	1.00000e+00	1.41558e-01	3.29678e+04	9.97876e-01	2.12376e-03	2.10013e-13	7.94495e-01	5.96042e-21	0.00000e+00	1.07782e+00
2.168015131104e+16	8.27063e+10	1.00000e+00	1.41558e-01	3.16568e+04	9.97268e-01	2.73178e-03	3.72859e-13	7.19540e-01	1.10383e-20	0.00000e+00	1.06971e+00
2.168023401736e+16	7.98802e+10	1.00000e+00	1.41558e-01	3.03915e+04	9.96453e-01	3.54685e-03	6.77638e-13	6.25905e-01	2.17523e-20	0.00000e+00	1.05952e+00
2.168031389756e+16	7.67522e+10	1.00000e+00	1.41558e-01	2.91669e+04	9.95346e-01	4.65438e-03	1.33671e-12	5.16841e-01	4.86333e-20	0.00000e+00	1.04751e+00
2.168039064979e+16	7.31199e+10	1.00000e+00	1.41558e-01	2.79749e+04	9.93813e-01	6.18691e-03	2.78829e-12	4.00424e-01	1.22135e-19	0.00000e+00	1.03432e+00
2.168046376972e+16	6.86399e+10	1.00000e+00	1.41558e-01	2.68095e+04	9.91651e-01	8.34919e-03	6.01956e-12	2.88495e-01	3.40796e-19	0.00000e+00	1.02096e+00
2.168053240961e+16	6.31645e+10	1.00000e+00	1.41558e-01	2.56712e+04	9.88552e-01	1.14484e-02	1.34661e-11	1.92829e-01	1.05944e-18	0.00000e+00	1.00830e+00
2.168059557414e+16	5.69781e+10	1.00000e+00	1.41558e-01	2.45670e+04	9.84071e-01	1.59292e-02	3.11045e-11	1.20310e-01	3.63215e-18	0.00000e+00	9.96558e-01
2.168065255222e+16	5.07089e+10	1.00000e+00	1.41558e-01	2.35073e+04	9.77582e-01	2.24180e-02	7.36595e-11	7.09682e-02	1.34600e-17	0.00000e+00	9.85134e-01
2.168070326117e+16	4.49918e+10	1.00000e+00	1.41558e-01	2.25011e+04	9.68224e-01	3.17759e-02	1.77312e-10	4.01744e-02	5.26464e-17	0.00000e+00	9.72672e-01
2.168074825292e+16	4.02448e+10	1.00000e+00	1.41558e-01	2.15525e+04	9.54814e-01	4.51858e-02	4.30950e-10	2.20941e-02	2.13091e-16	0.00000e+00	9.57470e-01
2.168078849774e+16	3.65784e+10	1.00000e+00	1.41558e-01	2.06676e+04	9.35916e-01	6.40836e-02	1.04626e-09	1.19535e-02	8.71102e-16	0.00000e+00	9.37466e-01
2.168082507612e+16	3.41711e+10	1.00000e+00	1.41558e-01	1.98454e+04	9.09770e-01	9.02303e-02	2.52076e-09	6.40926e-03	3.53988e-15	0.00000e+00	9.10593e-01
2.168085924718e+16	3.29916e+10	1.00000e+00	1.41558e-01	1.90630e+04	8.73326e-01	1.26674e-01	6.13249e-09	3.36360e-03	1.46617e-14	0.00000e+00	8.75236e-01
2.168089223875e+16	3.21545e+10	1.00000e+00	1.41558e-01	1.83828e+04	8.28582e-01	1.71418e-01	1.38887e-08	1.83462e-03	5.39452e-14	0.00000e+00	8.29172e-01
2.168092439323e+16	3.47567e+10	1.00000e+00	1.41558e-01	1.77247e+04	7.69913e-01	2.30087e-01	3.18068e-08	9.75613e-04	2.01425e-13	0.00000e+00	7.70455e-01
2.168095914997e+16	3.74486e+10	1.00000e+00	1.41558e-01	1.71281e+04	7.00829e-01	2.99171e-01	6.95149e-08	5.26981e-04	6.94540e-13	0.00000e+00	7.00955e-01
2.168099659857e+16	4.29997e+10	1.00000e+00	1.41558e-01	1.65694e+04	6.21350e-01	3.78650e-01	1.47760e-07	2.83821e-04	2.28836e-12	0.00000e+00	6.21683e-01
2.168103959825e+16	5.10133e+10	1.00000e+00	1.41558e-01	1.60494e+04	5.35572e-01	4.64428e-01	3.02272e-07	1.53038e-04	7.14180e-12	0.00000e+00	5.35888e-01
2.168109061152e+16	6.29845e+10	1.00000e+00	1.41558e-01	1.55502e+04	4.45778e-01	5.54221e-01	6.04407e-07	8.09682e-05	2.19623e-11	0.00000e+00	4.44624e-01
2.168115359604e+16	7.84734e+10	1.00000e+00	1.41558e-01	1.50876e+04	3.60617e-01	6.39382e-01	1.14708e-06	4.29639e-05	6.46167e-11	0.00000e+00	3.58860e-01
2.168123206939e+16	1.02383e+11	1.00000e+00	1.41558e-01	1.46105e+04	2.76328e-01	7.23670e-01	2.20980e-06	2.12450e-05	2.07566e-10	0.00000e+00	2.76715e-01
2.168133445210e+16	1.25395e+11	1.00000e+00	1.41558e-01	1.42030e+04	2.11225e-01	7.88771e-01	3.83378e-06	1.10813e-05	5.91691e-10	0.00000e+00	2.11834e-01
2.168145984728e+16	1.74824e+11	1.00000e+00	1.41558e-01	1.37977e+04	1.55331e-01	8.44663e-01	6.54645e-06	5.49519e-06	1.76710e-09	0.00000e+00	1.55631e-01
2.168163467158e+16	2.38075e+11	1.00000e+00	1.41558e-01	1.34180e+04	1.12142e-01	8.87847e-01	1.07064e-05	2.69296e-06	5.20460e-09	0.00000e+00	1.13040e-01
2.168187274655e+16	3.36504e+11	1.00000e+00	1.41558e-01	1.30565e+04	7.92869e-02	9.20696e-01	1.68266e-05	1.27485e-06	1.53688e-08	0.00000e+00	7.90311e-02
2.168220925013e+16	4.86115e+11	1.00000e+00	1.41558e-01	1.27173e+04	5.53537e-02	9.44621e-01	2.53670e-05	5.92165e-07	4.46042e-08	0.00000e+00	5.50692e-02
2.168269536504e+16	7.29059e+11	1.00000e+00	1.41558e-01	1.23872e+04	3.77254e-02	9.62238e-01	3.67702e-05	2.61344e-07	1.30104e-07	0.00000e+00	3.77767e-02
2.168342442396e+16	1.09430e+12	1.00000e+00	1.41558e-01	1.20789e+04	2.55913e-02	9.74359e-01	4.90975e-05	1.11883e-07	3.54661e-07	0.00000e+00	2.56558e-02
2.168451872093e+16	1.71516e+12	1.00000e+00	1.41558e-01	1.17825e+04	1.72168e-02	9.82724e-01	5.94835e-05	4.49966e-08	8.93243e-07	0.00000e+00	1.72155e-02
2.168623388314e+16	2.72714e+12	1.00000e+00	1.41558e-01	1.14955e+04	1.15085e-02	9.88427e-01	6.47550e-05	1.66712e-08	2.03648e-06	0.00000e+00	1.15190e-02
2.168896102484e+16	4.36983e+12	1.00000e+00	1.41558e-01	1.12160e+04	7.66097e-03	9.92275e-01	6.38023e-05	5.59217e-09	4.18001e-06	0.00000e+00	7.72720e-03
2.169333085953e+16	7.01339e+12	1.00000e+00	1.41558e-01	1.09422e+04	5.07100e-03	9.94871e-01	5.74820e-05	1.67095e-09	7.81134e-06	0.00000e+00	5.13418e-03
2.170034424473e+16	1.12136e+13	1.00000e+00	1.41558e-01	1.06702e+04	3.30805e-03	9.96644e-01	4.81688e-05	4.41850e-10	1.36500e-05	0.00000e+00	3.35027e-03
2.171155787489e+16	1.75937e+13	1.00000e+00	1.41558e-01	1.03940e+04	2.09377e-03	9.97868e-01	3.81139e-05	1.02069e-10	2.30065e-05	0.00000e+00	2.12965e-03
2.172915157388e+16	2.64782e+13	1.00000e+00	1.41558e-01	1.01099e+04	1.23687e-03	9.98735e-01	2.78204e-05	1.97069e-11	3.83442e-05	0.00000e+00	1.26233e-03
2.175562977833e+16	3.76974e+13	1.00000e+00	1.41558e-01	9.79273e+03	6.73421e-04	9.99307e-01	1.94928e-05	3.20832e-12	6.14823e-05	0.00000e+00	7.09380e-04
2.179332719589e+16	3.76974e+13	1.00000e+00	1.41558e-01	9.51038e+03	3.51445e-04	9.99636e-01	1.27337e-05	6.42089e-13	8.26160e-05	0.00000e+00	3.80399e-04
