#elapsed time	time step 	scale cont	scalingDen	<T>	<H+/H rad>	<H0/H rad>	<2*H2/H rad>	<He+/He rad>	<CO/H>	<redshift>	<ne/nH>
0.000000000000e+00	0.00000e+00	1.00000e+00	1.43280e-01	1.00000e+08	1.00000e+00	1.99758e-09	1.21131e-25	1.04408e-07	0.00000e+00	0.00000e+00	1.21081e+00
0.000000000000e+00	0.00000e+00	1.00000e+00	1.43280e-01	1.00000e+08	1.00000e+00	1.99759e-09	1.21017e-25	1.04408e-07	0.00000e+00	0.00000e+00	1.21182e+00
0.000000000000e+00	0.00000e+00	1.00000e+00	1.43280e-01	1.00000e+08	1.00000e+00	1.99759e-09	1.20989e-25	1.04408e-07	0.00000e+00	0.00000e+00	1.21208e+00
1.384946552175e+12	2.76989e+12	1.00000e+00	1.43280e-01	9.99764e+07	1.00000e+00	1.99808e-09	1.21033e-25	1.04435e-07	0.00000e+00	0.00000e+00	1.21216e+00
4.154839656524e+12	5.53979e+12	1.00000e+00	1.43280e-01	9.99364e+07	1.00000e+00	1.99892e-09	1.21125e-25	1.04482e-07	0.00000e+00	0.00000e+00	1.21216e+00
9.694625865223e+12	1.10796e+13	1.00000e+00	1.43280e-01	9.98565e+07	1.00000e+00	2.00059e-09	1.21310e-25	1.04575e-07	0.00000e+00	0.00000e+00	1.21216e+00
2.077419828262e+13	2.21591e+13	1.00000e+00	1.43280e-01	9.96965e+07	1.00000e+00	2.00396e-09	1.21681e-25	1.04763e-07	0.00000e+00	0.00000e+00	1.21216e+00
4.293334311742e+13	4.43183e+13	1.00000e+00	1.43280e-01	9.93769e+07	1.00000e+00	2.01071e-09	1.22428e-25	1.05139e-07	0.00000e+00	0.00000e+00	1.21216e+00
8.725163278701e+13	8.86366e+13	1.00000e+00	1.43280e-01	9.87387e+07	1.00000e+00	2.02431e-09	1.24397e-25	1.05897e-07	0.00000e+00	0.00000e+00	1.21216e+00
1.758882121262e+14	1.77273e+14	1.00000e+00	1.43280e-01	9.74702e+07	1.00000e+00	2.05189e-09	1.27030e-25	1.07434e-07	0.00000e+00	0.00000e+00	1.21216e+00
3.531613708046e+14	3.54546e+14	1.00000e+00	1.43280e-01	9.49618e+07	1.00000e+00	2.10863e-09	1.33494e-25	1.10601e-07	0.00000e+00	0.00000e+00	1.21216e+00
7.077076881613e+14	5.36887e+14	1.00000e+00	1.43280e-01	9.12275e+07	1.00000e+00	2.19895e-09	1.44080e-25	1.15652e-07	0.00000e+00	0.00000e+00	1.21216e+00
1.244594750639e+15	5.24638e+14	1.00000e+00	1.43280e-01	8.76395e+07	1.00000e+00	2.29307e-09	1.55496e-25	1.20926e-07	0.00000e+00	0.00000e+00	1.21216e+00
1.769232809439e+15	5.12583e+14	1.00000e+00	1.43280e-01	8.41920e+07	1.00000e+00	2.39113e-09	1.67807e-25	1.26434e-07	0.00000e+00	0.00000e+00	1.21215e+00
2.281815453697e+15	5.00720e+14	1.00000e+00	1.43280e-01	8.08799e+07	1.00000e+00	2.49332e-09	1.81080e-25	1.32186e-07	0.00000e+00	0.00000e+00	1.21215e+00
2.782535829731e+15	4.89092e+14	1.00000e+00	1.43280e-01	7.76977e+07	1.00000e+00	2.59978e-09	1.95389e-25	1.38192e-07	0.00000e+00	0.00000e+00	1.21215e+00
3.271627501835e+15	4.77666e+14	1.00000e+00	1.43280e-01	7.46404e+07	1.00000e+00	2.71069e-09	2.10815e-25	1.44462e-07	0.00000e+00	0.00000e+00	1.21215e+00
3.749293877238e+15	4.66469e+14	1.00000e+00	1.43280e-01	7.17056e+07	1.00000e+00	2.82614e-09	2.27430e-25	1.51004e-07	0.00000e+00	0.00000e+00	1.21215e+00
4.215762802078e+15	4.55890e+14	1.00000e+00	1.43280e-01	6.88834e+07	1.00000e+00	2.94652e-09	2.45355e-25	1.57840e-07	0.00000e+00	0.00000e+00	1.21214e+00
4.671652946870e+15	4.45079e+14	1.00000e+00	1.43280e-01	6.61717e+07	1.00000e+00	3.07194e-09	2.64676e-25	1.64976e-07	0.00000e+00	0.00000e+00	1.21214e+00
5.116731926200e+15	4.34439e+14	1.00000e+00	1.43280e-01	6.35664e+07	1.00000e+00	3.20259e-09	2.85500e-25	1.72428e-07	0.00000e+00	0.00000e+00	1.21214e+00
5.551171286374e+15	4.23995e+14	1.00000e+00	1.43280e-01	6.10631e+07	1.00000e+00	3.33869e-09	3.07947e-25	1.80207e-07	0.00000e+00	0.00000e+00	1.21214e+00
5.975166239800e+15	4.13709e+14	1.00000e+00	1.43280e-01	5.86578e+07	1.00000e+00	3.48050e-09	3.32138e-25	1.88329e-07	0.00000e+00	0.00000e+00	1.21214e+00
6.388875584334e+15	4.03561e+14	1.00000e+00	1.43280e-01	5.63467e+07	1.00000e+00	3.62821e-09	3.58210e-25	1.96809e-07	0.00000e+00	0.00000e+00	1.21213e+00
6.792436318988e+15	3.93573e+14	1.00000e+00	1.43280e-01	5.41262e+07	1.00000e+00	3.78212e-09	3.86311e-25	2.05664e-07	0.00000e+00	0.00000e+00	1.21213e+00
7.186009634281e+15	3.83737e+14	1.00000e+00	1.43280e-01	5.19924e+07	1.00000e+00	3.94246e-09	4.16597e-25	2.14908e-07	0.00000e+00	0.00000e+00	1.21213e+00
7.569746456411e+15	3.74011e+14	1.00000e+00	1.43280e-01	4.99422e+07	1.00000e+00	4.10949e-09	4.49233e-25	2.24561e-07	0.00000e+00	0.00000e+00	1.21213e+00
7.943757162267e+15	3.64419e+14	1.00000e+00	1.43280e-01	4.79721e+07	1.00000e+00	4.28349e-09	4.84406e-25	2.34639e-07	0.00000e+00	0.00000e+00	1.21213e+00
8.308176622663e+15	3.54956e+14	1.00000e+00	1.43280e-01	4.60790e+07	1.00000e+00	4.46477e-09	5.22307e-25	2.45163e-07	0.00000e+00	0.00000e+00	1.21212e+00
8.663132201318e+15	3.45584e+14	1.00000e+00	1.43280e-01	4.42598e+07	1.00000e+00	4.65364e-09	5.63152e-25	2.56151e-07	0.00000e+00	0.00000e+00	1.21212e+00
9.008715767559e+15	3.36319e+14	1.00000e+00	1.43280e-01	4.25117e+07	1.00000e+00	4.85039e-09	6.07167e-25	2.67626e-07	0.00000e+00	0.00000e+00	1.21212e+00
9.345034415944e+15	3.27157e+14	1.00000e+00	1.43280e-01	4.08317e+07	1.00000e+00	5.05539e-09	6.54602e-25	2.79610e-07	0.00000e+00	0.00000e+00	1.21212e+00
9.672190955972e+15	3.18058e+14	1.00000e+00	1.43280e-01	3.92173e+07	1.00000e+00	5.26897e-09	7.05721e-25	2.92125e-07	0.00000e+00	0.00000e+00	1.21212e+00
9.990249306107e+15	3.09059e+14	1.00000e+00	1.43280e-01	3.76658e+07	1.00000e+00	5.49151e-09	7.60812e-25	3.05198e-07	0.00000e+00	0.00000e+00	1.21211e+00
1.029930792308e+16	3.00114e+14	1.00000e+00	1.43280e-01	3.61747e+07	1.00000e+00	5.72340e-09	8.20189e-25	3.18853e-07	0.00000e+00	0.00000e+00	1.21211e+00
1.059942143818e+16	2.91241e+14	1.00000e+00	1.43280e-01	3.47416e+07	1.00000e+00	5.96505e-09	8.84188e-25	3.33119e-07	0.00000e+00	0.00000e+00	1.21211e+00
1.089066284638e+16	2.82412e+14	1.00000e+00	1.43280e-01	3.33643e+07	1.00000e+00	6.21688e-09	9.53169e-25	3.48024e-07	0.00000e+00	0.00000e+00	1.21211e+00
1.117307510673e+16	2.73638e+14	1.00000e+00	1.43280e-01	3.20403e+07	1.00000e+00	6.47936e-09	1.02754e-24	3.63601e-07	0.00000e+00	0.00000e+00	1.21211e+00
1.144671352937e+16	2.64888e+14	1.00000e+00	1.43280e-01	3.07677e+07	1.00000e+00	6.75299e-09	1.10772e-24	3.79883e-07	0.00000e+00	0.00000e+00	1.21210e+00
1.171160127215e+16	2.56169e+14	1.00000e+00	1.43280e-01	2.95444e+07	1.00000e+00	7.03823e-09	1.19418e-24	3.96902e-07	0.00000e+00	0.00000e+00	1.21210e+00
1.196777008939e+16	2.47477e+14	1.00000e+00	1.43280e-01	2.83684e+07	1.00000e+00	7.33565e-09	1.28743e-24	4.14698e-07	0.00000e+00	0.00000e+00	1.21210e+00
1.221524700183e+16	2.38796e+14	1.00000e+00	1.43280e-01	2.72378e+07	1.00000e+00	7.64580e-09	1.38800e-24	4.33310e-07	0.00000e+00	0.00000e+00	1.21209e+00
1.245404335912e+16	2.30103e+14	1.00000e+00	1.43280e-01	2.61505e+07	1.00000e+00	7.96931e-09	1.49652e-24	4.52783e-07	0.00000e+00	0.00000e+00	1.21209e+00
1.268414627447e+16	2.21378e+14	1.00000e+00	1.43280e-01	2.51050e+07	1.00000e+00	8.30682e-09	1.61362e-24	4.73160e-07	0.00000e+00	0.00000e+00	1.21209e+00
1.290552461245e+16	2.12628e+14	1.00000e+00	1.43280e-01	2.40996e+07	1.00000e+00	8.65896e-09	1.74002e-24	4.94490e-07	0.00000e+00	0.00000e+00	1.21208e+00
1.311815239904e+16	2.03870e+14	1.00000e+00	1.43280e-01	2.31326e+07	1.00000e+00	9.02651e-09	1.87650e-24	5.16825e-07	0.00000e+00	0.00000e+00	1.21208e+00
1.332202279383e+16	1.95078e+14	1.00000e+00	1.43280e-01	2.22024e+07	1.00000e+00	9.41023e-09	2.02390e-24	5.40224e-07	0.00000e+00	0.00000e+00	1.21208e+00
1.351710069049e+16	1.86242e+14	1.00000e+00	1.43280e-01	2.13075e+07	1.00000e+00	9.81098e-09	2.18316e-24	5.64746e-07	0.00000e+00	0.00000e+00	1.21207e+00
1.370334229136e+16	1.77379e+14	1.00000e+00	1.43280e-01	2.04464e+07	1.00000e+00	1.02297e-08	2.35534e-24	5.90460e-07	0.00000e+00	0.00000e+00	1.21207e+00
1.388072163488e+16	1.68471e+14	1.00000e+00	1.43280e-01	1.96178e+07	1.00000e+00	1.06672e-08	2.54152e-24	6.17433e-07	0.00000e+00	0.00000e+00	1.21206e+00
1.404919229759e+16	1.59550e+14	1.00000e+00	1.43280e-01	1.88203e+07	1.00000e+00	1.11247e-08	2.74296e-24	6.45743e-07	0.00000e+00	0.00000e+00	1.21205e+00
1.420874220288e+16	1.50616e+14	1.00000e+00	1.43280e-01	1.80528e+07	1.00000e+00	1.16031e-08	2.96099e-24	6.75472e-07	0.00000e+00	0.00000e+00	1.21205e+00
1.435935808185e+16	1.41700e+14	1.00000e+00	1.43280e-01	1.73140e+07	1.00000e+00	1.21037e-08	3.19713e-24	7.06705e-07	0.00000e+00	0.00000e+00	1.21204e+00
1.450105792394e+16	1.32836e+14	1.00000e+00	1.43280e-01	1.66030e+07	1.00000e+00	1.26275e-08	3.45295e-24	7.39529e-07	0.00000e+00	0.00000e+00	1.21203e+00
1.463389386274e+16	1.24080e+14	1.00000e+00	1.43280e-01	1.59189e+07	1.00000e+00	1.31758e-08	3.73013e-24	7.74038e-07	0.00000e+00	0.00000e+00	1.21202e+00
1.475797424469e+16	1.15485e+14	1.00000e+00	1.43280e-01	1.52609e+07	1.00000e+00	1.37494e-08	4.03046e-24	8.10319e-07	0.00000e+00	0.00000e+00	1.21201e+00
1.487345928678e+16	1.07140e+14	1.00000e+00	1.43280e-01	1.46285e+07	1.00000e+00	1.43494e-08	4.35577e-24	8.48455e-07	0.00000e+00	0.00000e+00	1.21199e+00
1.498059895640e+16	9.91288e+13	1.00000e+00	1.43280e-01	1.40213e+07	1.00000e+00	1.49765e-08	4.70783e-24	8.88513e-07	0.00000e+00	0.00000e+00	1.21198e+00
1.507972772014e+16	9.15664e+13	1.00000e+00	1.43280e-01	1.34390e+07	1.00000e+00	1.56311e-08	5.08851e-24	9.30554e-07	0.00000e+00	0.00000e+00	1.21196e+00
1.517129414116e+16	8.45385e+13	1.00000e+00	1.43280e-01	1.28814e+07	1.00000e+00	1.63137e-08	5.49958e-24	9.74630e-07	0.00000e+00	0.00000e+00	1.21194e+00
1.525583264613e+16	7.81161e+13	1.00000e+00	1.43280e-01	1.23480e+07	1.00000e+00	1.70245e-08	5.94292e-24	1.02079e-06	0.00000e+00	0.00000e+00	1.21193e+00
1.533394873410e+16	7.23309e+13	1.00000e+00	1.43280e-01	1.18382e+07	1.00000e+00	1.77639e-08	6.42054e-24	1.06909e-06	0.00000e+00	0.00000e+00	1.21191e+00
1.540627960304e+16	6.71825e+13	1.00000e+00	1.43280e-01	1.13512e+07	1.00000e+00	1.85325e-08	6.93459e-24	1.11961e-06	0.00000e+00	0.00000e+00	1.21189e+00
1.547346209841e+16	6.26404e+13	1.00000e+00	1.43280e-01	1.08860e+07	1.00000e+00	1.93313e-08	7.48772e-24	1.17244e-06	0.00000e+00	0.00000e+00	1.21187e+00
1.553610252876e+16	5.86355e+13	1.00000e+00	1.43280e-01	1.04416e+07	1.00000e+00	2.01614e-08	8.08284e-24	1.22769e-06	0.00000e+00	0.00000e+00	1.21185e+00
1.559473801698e+16	5.50992e+13	1.00000e+00	1.43280e-01	1.00167e+07	1.00000e+00	2.10243e-08	8.72320e-24	1.28552e-06	0.00000e+00	0.00000e+00	1.21183e+00
1.564983717872e+16	5.19577e+13	1.00000e+00	1.43280e-01	9.61036e+06	1.00000e+00	2.19216e-08	9.41238e-24	1.34604e-06	0.00000e+00	0.00000e+00	1.21181e+00
1.570179491658e+16	4.91572e+13	1.00000e+00	1.43280e-01	9.22158e+06	1.00000e+00	2.28548e-08	1.01544e-23	1.40944e-06	0.00000e+00	0.00000e+00	1.21179e+00
1.575095214046e+16	4.66389e+13	1.00000e+00	1.43280e-01	8.84941e+06	1.00000e+00	2.38259e-08	1.09534e-23	1.47590e-06	0.00000e+00	0.00000e+00	1.21177e+00
1.579759107926e+16	4.43592e+13	1.00000e+00	1.43280e-01	8.49232e+06	1.00000e+00	2.48387e-08	1.18167e-23	1.54572e-06	0.00000e+00	0.00000e+00	1.21168e+00
1.584195029589e+16	4.21978e+13	1.00000e+00	1.43280e-01	8.15135e+06	1.00000e+00	2.58897e-08	1.27430e-23	1.61875e-06	0.00000e+00	0.00000e+00	1.21166e+00
1.588414811168e+16	4.03525e+13	1.00000e+00	1.43280e-01	7.82470e+06	1.00000e+00	2.69837e-08	1.37409e-23	1.69538e-06	0.00000e+00	0.00000e+00	1.21164e+00
1.592450062886e+16	3.86651e+13	1.00000e+00	1.43280e-01	7.51141e+06	1.00000e+00	2.81240e-08	1.48172e-23	1.77591e-06	0.00000e+00	0.00000e+00	1.21162e+00
1.596316572587e+16	3.70808e+13	1.00000e+00	1.43280e-01	7.21086e+06	1.00000e+00	2.93128e-08	1.59785e-23	1.86058e-06	0.00000e+00	0.00000e+00	1.21160e+00
1.600024647624e+16	3.55857e+13	1.00000e+00	1.43280e-01	6.92239e+06	1.00000e+00	3.05529e-08	1.72323e-23	1.94968e-06	0.00000e+00	0.00000e+00	1.21158e+00
1.603583219600e+16	3.41585e+13	1.00000e+00	1.43280e-01	6.64542e+06	1.00000e+00	3.18472e-08	1.85868e-23	2.04351e-06	0.00000e+00	0.00000e+00	1.21156e+00
1.606999066064e+16	3.27822e+13	1.00000e+00	1.43280e-01	6.37942e+06	1.00000e+00	3.31986e-08	2.00508e-23	2.14240e-06	0.00000e+00	0.00000e+00	1.21154e+00
1.610277281563e+16	3.14484e+13	1.00000e+00	1.43280e-01	6.12390e+06	1.00000e+00	3.46104e-08	2.16342e-23	2.24669e-06	0.00000e+00	0.00000e+00	1.21152e+00
1.613422117042e+16	3.01481e+13	1.00000e+00	1.43280e-01	5.87838e+06	1.00000e+00	3.60858e-08	2.33475e-23	2.35676e-06	0.00000e+00	0.00000e+00	1.21149e+00
1.616436931859e+16	2.88740e+13	1.00000e+00	1.43280e-01	5.64251e+06	1.00000e+00	3.76281e-08	2.52023e-23	2.47299e-06	0.00000e+00	0.00000e+00	1.21147e+00
1.619324331324e+16	2.76280e+13	1.00000e+00	1.43280e-01	5.41595e+06	1.00000e+00	3.92403e-08	2.72102e-23	2.59572e-06	0.00000e+00	0.00000e+00	1.21144e+00
1.622087127769e+16	2.64184e+13	1.00000e+00	1.43280e-01	5.19816e+06	1.00000e+00	4.09273e-08	2.93870e-23	2.72552e-06	0.00000e+00	0.00000e+00	1.21141e+00
1.624728963413e+16	2.52224e+13	1.00000e+00	1.43280e-01	4.98880e+06	1.00000e+00	4.26936e-08	3.17480e-23	2.86292e-06	0.00000e+00	0.00000e+00	1.21138e+00
1.627251202695e+16	2.40399e+13	1.00000e+00	1.43280e-01	4.78743e+06	1.00000e+00	4.45443e-08	3.43117e-23	3.00852e-06	0.00000e+00	0.00000e+00	1.21135e+00
1.629655189994e+16	2.28623e+13	1.00000e+00	1.43280e-01	4.59375e+06	1.00000e+00	4.64845e-08	3.70976e-23	3.16295e-06	0.00000e+00	0.00000e+00	1.21131e+00
1.631941421045e+16	2.16899e+13	1.00000e+00	1.43280e-01	4.40744e+06	1.00000e+00	4.85197e-08	4.01271e-23	3.32689e-06	0.00000e+00	0.00000e+00	1.21128e+00
1.634110412581e+16	2.05236e+13	1.00000e+00	1.43280e-01	4.22819e+06	1.00000e+00	5.06558e-08	4.34247e-23	3.50109e-06	0.00000e+00	0.00000e+00	1.21123e+00
1.636162773570e+16	1.93650e+13	1.00000e+00	1.43280e-01	4.05574e+06	1.00000e+00	5.28990e-08	4.70174e-23	3.68636e-06	0.00000e+00	0.00000e+00	1.21119e+00
1.638099270736e+16	1.82171e+13	1.00000e+00	1.43280e-01	3.88982e+06	1.00000e+00	5.52562e-08	5.09343e-23	3.88358e-06	0.00000e+00	0.00000e+00	1.21113e+00
1.639920985577e+16	1.70831e+13	1.00000e+00	1.43280e-01	3.73011e+06	1.00000e+00	5.77358e-08	5.52085e-23	4.09383e-06	0.00000e+00	0.00000e+00	1.21113e+00
1.641629294723e+16	1.59592e+13	1.00000e+00	1.43280e-01	3.57649e+06	1.00000e+00	6.03436e-08	5.98785e-23	4.31801e-06	0.00000e+00	0.00000e+00	1.21107e+00
1.643225218195e+16	1.48624e+13	1.00000e+00	1.43280e-01	3.42905e+06	1.00000e+00	6.30821e-08	6.49590e-23	4.55676e-06	0.00000e+00	0.00000e+00	1.21123e+00
1.644711459519e+16	1.38262e+13	1.00000e+00	1.43280e-01	3.28678e+06	1.00000e+00	6.59748e-08	7.05628e-23	4.81263e-06	0.00000e+00	0.00000e+00	1.21094e+00
1.646094082273e+16	1.27772e+13	1.00000e+00	1.43280e-01	3.14967e+06	1.00000e+00	6.90299e-08	7.67001e-23	5.08689e-06	0.00000e+00	0.00000e+00	1.21086e+00
1.647371801981e+16	1.17403e+13	1.00000e+00	1.43280e-01	3.01813e+06	1.00000e+00	7.22434e-08	8.34134e-23	5.37973e-06	0.00000e+00	0.00000e+00	1.21078e+00
1.648545834916e+16	1.07754e+13	1.00000e+00	1.43280e-01	2.89165e+06	1.00000e+00	7.56335e-08	9.07809e-23	5.69352e-06	0.00000e+00	0.00000e+00	1.21069e+00
1.649623375726e+16	9.85430e+12	1.00000e+00	1.43280e-01	2.77004e+06	1.00000e+00	7.92127e-08	9.88759e-23	6.03019e-06	0.00000e+00	0.00000e+00	1.21060e+00
1.650608805320e+16	8.97828e+12	1.00000e+00	1.43280e-01	2.65310e+06	1.00000e+00	8.29946e-08	1.07782e-22	6.39183e-06	0.00000e+00	0.00000e+00	1.21050e+00
1.651506633494e+16	8.14781e+12	1.00000e+00	1.43280e-01	2.54062e+06	1.00000e+00	8.69953e-08	1.17595e-22	6.78092e-06	0.00000e+00	0.00000e+00	1.21040e+00
1.652321414213e+16	7.36122e+12	1.00000e+00	1.43280e-01	2.43238e+06	1.00000e+00	9.12326e-08	1.28427e-22	7.20027e-06	0.00000e+00	0.00000e+00	1.21030e+00
1.653057535963e+16	6.61715e+12	1.00000e+00	1.43280e-01	2.32821e+06	1.00000e+00	9.57262e-08	1.40404e-22	7.65300e-06	0.00000e+00	0.00000e+00	1.21020e+00
1.653719250526e+16	5.91550e+12	1.00000e+00	1.43280e-01	2.22796e+06	1.00000e+00	1.00496e-07	1.53668e-22	8.14245e-06	0.00000e+00	0.00000e+00	1.21009e+00
1.654310800778e+16	5.25860e+12	1.00000e+00	1.43280e-01	2.13157e+06	1.00000e+00	1.05559e-07	1.68366e-22	8.67189e-06	0.00000e+00	0.00000e+00	1.20999e+00
1.654836660320e+16	4.65174e+12	1.00000e+00	1.43280e-01	2.03913e+06	1.00000e+00	1.10924e-07	1.84636e-22	9.24404e-06	0.00000e+00	0.00000e+00	1.20988e+00
1.655301834516e+16	4.10430e+12	1.00000e+00	1.43280e-01	1.95188e+06	1.00000e+00	1.16520e-07	2.02296e-22	9.85259e-06	0.00000e+00	0.00000e+00	1.21013e+00
1.655712264056e+16	3.67287e+12	1.00000e+00	1.43280e-01	1.86791e+06	1.00000e+00	1.22471e-07	2.21989e-22	1.05130e-05	0.00000e+00	0.00000e+00	1.21003e+00
1.656079550695e+16	3.26825e+12	1.00000e+00	1.43280e-01	1.78791e+06	1.00000e+00	1.28741e-07	2.43679e-22	1.12233e-05	0.00000e+00	0.00000e+00	1.20993e+00
1.656406375745e+16	2.92163e+12	1.00000e+00	1.43280e-01	1.71213e+06	1.00000e+00	1.35306e-07	2.67420e-22	1.19826e-05	0.00000e+00	0.00000e+00	1.20983e+00
1.656698538704e+16	2.64040e+12	1.00000e+00	1.43280e-01	1.64034e+06	1.00000e+00	1.42178e-07	2.93402e-22	1.27944e-05	0.00000e+00	0.00000e+00	1.20973e+00
1.656962578290e+16	2.41311e+12	1.00000e+00	1.43280e-01	1.57221e+06	1.00000e+00	1.49381e-07	3.21870e-22	1.36638e-05	0.00000e+00	0.00000e+00	1.20964e+00
1.657203888967e+16	2.22742e+12	1.00000e+00	1.43280e-01	1.50740e+06	1.00000e+00	1.56947e-07	3.53132e-22	1.45970e-05	0.00000e+00	0.00000e+00	1.20955e+00
1.657426631425e+16	2.07230e+12	1.00000e+00	1.43280e-01	1.44562e+06	1.00000e+00	1.64908e-07	3.87534e-22	1.56011e-05	0.00000e+00	0.00000e+00	1.20946e+00
1.657633861162e+16	1.93970e+12	1.00000e+00	1.43280e-01	1.38661e+06	1.00000e+00	1.73305e-07	4.25482e-22	1.66843e-05	0.00000e+00	0.00000e+00	1.20938e+00
1.657827831186e+16	1.82321e+12	1.00000e+00	1.43280e-01	1.33017e+06	1.00000e+00	1.82175e-07	4.67427e-22	1.78552e-05	0.00000e+00	0.00000e+00	1.20930e+00
1.658010151840e+16	1.71856e+12	1.00000e+00	1.43280e-01	1.27608e+06	1.00000e+00	1.91566e-07	5.14060e-22	1.91244e-05	0.00000e+00	0.00000e+00	1.20890e+00
1.658182008107e+16	1.62185e+12	1.00000e+00	1.43280e-01	1.22412e+06	1.00000e+00	2.01539e-07	5.65770e-22	2.05053e-05	0.00000e+00	0.00000e+00	1.20883e+00
1.658344193063e+16	1.52839e+12	1.00000e+00	1.43280e-01	1.17448e+06	1.00000e+00	2.12076e-07	6.23012e-22	2.20008e-05	0.00000e+00	0.00000e+00	1.20876e+00
1.658497032231e+16	1.44660e+12	1.00000e+00	1.43280e-01	1.12689e+06	1.00000e+00	2.23254e-07	6.86661e-22	2.36280e-05	0.00000e+00	0.00000e+00	1.20870e+00
1.658641692125e+16	1.37019e+12	1.00000e+00	1.43280e-01	1.08128e+06	1.00000e+00	2.35113e-07	7.57261e-22	2.53998e-05	0.00000e+00	0.00000e+00	1.20896e+00
1.658778710637e+16	1.29929e+12	1.00000e+00	1.43280e-01	1.03775e+06	1.00000e+00	2.47647e-07	8.35788e-22	2.73230e-05	0.00000e+00	0.00000e+00	1.20889e+00
1.658908639272e+16	1.23884e+12	1.00000e+00	1.43280e-01	9.95906e+05	1.00000e+00	2.60992e-07	9.23812e-22	2.94271e-05	0.00000e+00	0.00000e+00	1.20852e+00
1.659032523647e+16	1.17948e+12	1.00000e+00	1.43280e-01	9.55716e+05	1.00000e+00	2.75198e-07	1.02197e-21	3.17309e-05	0.00000e+00	0.00000e+00	1.20846e+00
1.659150471248e+16	1.12191e+12	1.00000e+00	1.43280e-01	9.17349e+05	1.00000e+00	2.90239e-07	1.13120e-21	3.42414e-05	0.00000e+00	0.00000e+00	1.20841e+00
1.659262662699e+16	1.07297e+12	1.00000e+00	1.43280e-01	8.80552e+05	1.00000e+00	3.06245e-07	1.25341e-21	3.69929e-05	0.00000e+00	0.00000e+00	1.20835e+00
1.659369959787e+16	1.02706e+12	1.00000e+00	1.43280e-01	8.45210e+05	1.00000e+00	3.23313e-07	1.39054e-21	4.00174e-05	1.40130e-44	0.00000e+00	1.20830e+00
1.659472665913e+16	9.82497e+11	1.00000e+00	1.43280e-01	8.11216e+05	1.00000e+00	3.41555e-07	1.54448e-21	4.33528e-05	2.80260e-44	0.00000e+00	1.20851e+00
1.659570915656e+16	9.37840e+11	1.00000e+00	1.43280e-01	7.78535e+05	1.00000e+00	3.61061e-07	1.71877e-21	4.70362e-05	7.00649e-44	0.00000e+00	1.20819e+00
1.659664699692e+16	8.93652e+11	1.00000e+00	1.43280e-01	7.46815e+05	1.00000e+00	3.82149e-07	1.91664e-21	5.11539e-05	1.82169e-43	0.00000e+00	1.20840e+00
1.659754064858e+16	8.41588e+11	1.00000e+00	1.43280e-01	7.16355e+05	1.00000e+00	4.04736e-07	2.14149e-21	5.57203e-05	4.34403e-43	0.00000e+00	1.20808e+00
1.659838223687e+16	7.91705e+11	1.00000e+00	1.43280e-01	6.86742e+05	1.00000e+00	4.29269e-07	2.39917e-21	6.08624e-05	1.05097e-42	0.00000e+00	1.20802e+00
1.659917394155e+16	7.34396e+11	1.00000e+00	1.43280e-01	6.58232e+05	1.00000e+00	4.55704e-07	2.69316e-21	6.66155e-05	2.59240e-42	0.00000e+00	1.20797e+00
1.659990833721e+16	6.78227e+11	1.00000e+00	1.43280e-01	6.30774e+05	1.00000e+00	4.84238e-07	3.02954e-21	7.30728e-05	6.51604e-42	0.00000e+00	1.20792e+00
1.660058656371e+16	6.23221e+11	1.00000e+00	1.43280e-01	6.04436e+05	9.99999e-01	5.14950e-07	3.41372e-21	8.03098e-05	1.65633e-41	0.00000e+00	1.20786e+00
1.660120978504e+16	5.72105e+11	1.00000e+00	1.43280e-01	5.79282e+05	9.99999e-01	5.47886e-07	3.85037e-21	8.84022e-05	4.25995e-41	0.00000e+00	1.20807e+00
1.660178188996e+16	5.27010e+11	1.00000e+00	1.43280e-01	5.55393e+05	9.99999e-01	5.83012e-07	4.34616e-21	9.74120e-05	1.10366e-40	0.00000e+00	1.20801e+00
1.660230890015e+16	4.90085e+11	1.00000e+00	1.43280e-01	5.32584e+05	9.99999e-01	6.20669e-07	4.91124e-21	1.07509e-04	2.89985e-40	0.00000e+00	1.20796e+00
1.660279898523e+16	4.57746e+11	1.00000e+00	1.43280e-01	5.10832e+05	9.99999e-01	6.61021e-07	5.55666e-21	1.18831e-04	7.72396e-40	0.00000e+00	1.20766e+00
1.660325673083e+16	4.29977e+11	1.00000e+00	1.43280e-01	4.89982e+05	9.99999e-01	7.04500e-07	6.29592e-21	1.31615e-04	2.09731e-39	0.00000e+00	1.20761e+00
1.660368670776e+16	4.04197e+11	1.00000e+00	1.43280e-01	4.70021e+05	9.99999e-01	7.51334e-07	7.14456e-21	1.46068e-04	5.80086e-39	0.00000e+00	1.20755e+00
1.660409090480e+16	3.80700e+11	1.00000e+00	1.43280e-01	4.50789e+05	9.99999e-01	8.02159e-07	8.12727e-21	1.62558e-04	1.64499e-38	0.00000e+00	1.20748e+00
1.660447160497e+16	3.56934e+11	1.00000e+00	1.43280e-01	4.32194e+05	9.99999e-01	8.57610e-07	9.27312e-21	1.81514e-04	1.78251e-35	0.00000e+00	1.20740e+00
1.660482853867e+16	3.31846e+11	1.00000e+00	1.43280e-01	4.14148e+05	9.99999e-01	9.18469e-07	1.06195e-20	2.03486e-04	1.44791e-37	0.00000e+00	1.20731e+00
1.660516038420e+16	3.04636e+11	1.00000e+00	1.43280e-01	3.96573e+05	9.99999e-01	9.85702e-07	1.22110e-20	2.29196e-04	4.52869e-37	0.00000e+00	1.20760e+00
1.660546501988e+16	2.74948e+11	1.00000e+00	1.43280e-01	3.79476e+05	9.99999e-01	1.06013e-06	1.41163e-20	2.59432e-04	1.46484e-36	0.00000e+00	1.20706e+00
1.660573996832e+16	2.44105e+11	1.00000e+00	1.43280e-01	3.62578e+05	9.99999e-01	1.14422e-06	1.64339e-20	2.95867e-04	4.98234e-36	0.00000e+00	1.20690e+00
1.660598407294e+16	2.09517e+11	1.00000e+00	1.43280e-01	3.46126e+05	9.99999e-01	1.23827e-06	1.92413e-20	3.39520e-04	1.74119e-35	0.00000e+00	1.20673e+00
1.660619359034e+16	1.76316e+11	1.00000e+00	1.43280e-01	3.30129e+05	9.99999e-01	1.34376e-06	2.26625e-20	3.92184e-04	6.18099e-35	0.00000e+00	1.20654e+00
1.660636990679e+16	1.45544e+11	1.00000e+00	1.43280e-01	3.14772e+05	9.99999e-01	1.46098e-06	2.68042e-20	4.55378e-04	2.16296e-34	0.00000e+00	1.20635e+00
1.660651545070e+16	1.19326e+11	1.00000e+00	1.43280e-01	3.00276e+05	9.99998e-01	1.58919e-06	3.17470e-20	5.30260e-04	7.19723e-34	0.00000e+00	1.20616e+00
1.660663477628e+16	9.88684e+10	1.00000e+00	1.43280e-01	2.86782e+05	9.99998e-01	1.72737e-06	3.75332e-20	6.17842e-04	2.21816e-33	0.00000e+00	1.20680e+00
1.660673364467e+16	8.40513e+10	1.00000e+00	1.43280e-01	2.74397e+05	9.99998e-01	1.87375e-06	4.42439e-20	7.18580e-04	6.23050e-33	0.00000e+00	1.20663e+00
1.660681769593e+16	7.44896e+10	1.00000e+00	1.43280e-01	2.62787e+05	9.99998e-01	2.03168e-06	5.21308e-20	8.36671e-04	1.64095e-32	0.00000e+00	1.20644e+00
1.660689218549e+16	6.74415e+10	1.00000e+00	1.43280e-01	2.51931e+05	9.99998e-01	2.20134e-06	6.13592e-20	9.74704e-04	4.07791e-32	0.00000e+00	1.20626e+00
1.660695962703e+16	6.26046e+10	1.00000e+00	1.43280e-01	2.41702e+05	9.99998e-01	2.38477e-06	7.22245e-20	1.13729e-03	9.71760e-32	0.00000e+00	1.20609e+00
1.660702223158e+16	5.91677e+10	1.00000e+00	1.43280e-01	2.31999e+05	9.99997e-01	2.58428e-06	8.50997e-20	1.33031e-03	2.24983e-31	0.00000e+00	1.20592e+00
1.660708139930e+16	5.65912e+10	1.00000e+00	1.43280e-01	2.22750e+05	9.99997e-01	2.80244e-06	1.00519e-19	1.56124e-03	5.10962e-31	0.00000e+00	1.20502e+00
1.660713799046e+16	5.45144e+10	1.00000e+00	1.43280e-01	2.13830e+05	9.99997e-01	3.04411e-06	1.19106e-19	1.84201e-03	1.15405e-30	0.00000e+00	1.20486e+00
1.660719250489e+16	5.22749e+10	1.00000e+00	1.43280e-01	2.05345e+05	9.99997e-01	3.30850e-06	1.41354e-19	2.18018e-03	2.57019e-30	0.00000e+00	1.20470e+00
1.660724477979e+16	5.06046e+10	1.00000e+00	1.43280e-01	1.97200e+05	9.99996e-01	3.60070e-06	1.68293e-19	2.59290e-03	5.69763e-30	0.00000e+00	1.20451e+00
1.660729538440e+16	4.90053e+10	1.00000e+00	1.43280e-01	1.89377e+05	9.99996e-01	3.92429e-06	2.01043e-19	3.09938e-03	1.25955e-29	0.00000e+00	1.20431e+00
1.660734438970e+16	4.74552e+10	1.00000e+00	1.43280e-01	1.81872e+05	9.99996e-01	4.28293e-06	2.40967e-19	3.72367e-03	2.77829e-29	0.00000e+00	1.20407e+00
1.660739184494e+16	4.59962e+10	1.00000e+00	1.43280e-01	1.74677e+05	9.99995e-01	4.68063e-06	2.89761e-19	4.49642e-03	6.11563e-29	0.00000e+00	1.20380e+00
1.660743784114e+16	4.46711e+10	1.00000e+00	1.43280e-01	1.67784e+05	9.99995e-01	5.12211e-06	3.49572e-19	5.45737e-03	1.34350e-28	0.00000e+00	1.20347e+00
1.660748251227e+16	4.34929e+10	1.00000e+00	1.43280e-01	1.61177e+05	9.99994e-01	5.61320e-06	4.23190e-19	6.65898e-03	2.94610e-28	0.00000e+00	1.20308e+00
1.660752600515e+16	4.24402e+10	1.00000e+00	1.43280e-01	1.54836e+05	9.99994e-01	6.16117e-06	5.14290e-19	8.17185e-03	6.45009e-28	0.00000e+00	1.20260e+00
1.660756844530e+16	4.14487e+10	1.00000e+00	1.43280e-01	1.48737e+05	9.99993e-01	6.77503e-06	6.27750e-19	1.00916e-02	1.40957e-27	0.00000e+00	1.20200e+00
1.660760989405e+16	4.04376e+10	1.00000e+00	1.43280e-01	1.42860e+05	9.99993e-01	7.46591e-06	7.70130e-19	1.25491e-02	3.07143e-27	0.00000e+00	1.20124e+00
1.660765033166e+16	3.93185e+10	1.00000e+00	1.43280e-01	1.37184e+05	9.99992e-01	8.24736e-06	9.47484e-19	1.57248e-02	6.66093e-27	0.00000e+00	1.20356e+00
1.660768965016e+16	3.80128e+10	1.00000e+00	1.43280e-01	1.31888e+05	9.99991e-01	9.10164e-06	1.17099e-18	1.96983e-02	1.38882e-26	0.00000e+00	1.19905e+00
1.660772766292e+16	3.78652e+10	1.00000e+00	1.43280e-01	1.26376e+05	9.99990e-01	1.01507e-05	1.47670e-18	2.53247e-02	3.00554e-26	0.00000e+00	1.19736e+00
1.660776552812e+16	3.47212e+10	1.00000e+00	1.43280e-01	1.21220e+05	9.99989e-01	1.13163e-05	1.86251e-18	3.25796e-02	6.15480e-26	0.00000e+00	1.19521e+00
1.660780024928e+16	3.26526e+10	1.00000e+00	1.43280e-01	1.16247e+05	9.99987e-01	1.26535e-05	2.34777e-18	4.22434e-02	1.20989e-25	0.00000e+00	1.20139e+00
1.660783290186e+16	3.05347e+10	1.00000e+00	1.43280e-01	1.11914e+05	9.99986e-01	1.40324e-05	2.92785e-18	5.37412e-02	2.12211e-25	0.00000e+00	1.20053e+00
1.660786343652e+16	3.15476e+10	1.00000e+00	1.43280e-01	1.07431e+05	9.99984e-01	1.57221e-05	3.77307e-18	6.99631e-02	3.65362e-25	0.00000e+00	1.18793e+00
1.660789498416e+16	3.02408e+10	1.00000e+00	1.43280e-01	1.02662e+05	9.99982e-01	1.78928e-05	4.93138e-18	9.41793e-02	6.27665e-25	0.00000e+00	1.19764e+00
1.660792522500e+16	2.60363e+10	1.00000e+00	1.43280e-01	9.91033e+04	9.99980e-01	1.98292e-05	6.17881e-18	1.18823e-01	9.07496e-25	0.00000e+00	1.19151e+00
1.660795126126e+16	2.90041e+10	1.00000e+00	1.43280e-01	9.50639e+04	9.99978e-01	2.24447e-05	8.04760e-18	1.56194e-01	1.34526e-24	0.00000e+00	1.19337e+00
1.660798026534e+16	2.73033e+10	1.00000e+00	1.43280e-01	9.16003e+04	9.99975e-01	2.51313e-05	1.03545e-17	1.98659e-01	1.84312e-24	0.00000e+00	1.18328e+00
1.660800756863e+16	2.88835e+10	1.00000e+00	1.43280e-01	8.78456e+04	9.99971e-01	2.86341e-05	1.37904e-17	2.58451e-01	2.56998e-24	0.00000e+00	1.17718e+00
1.660803645213e+16	2.70303e+10	1.00000e+00	1.43280e-01	8.44842e+04	9.99968e-01	3.24329e-05	1.81561e-17	3.26222e-01	3.45713e-24	0.00000e+00	1.17030e+00
1.660806348243e+16	2.71750e+10	1.00000e+00	1.43280e-01	8.12689e+04	9.99963e-01	3.68165e-05	2.40525e-17	4.04355e-01	4.62965e-24	0.00000e+00	1.16239e+00
1.660809065740e+16	2.74749e+10	1.00000e+00	1.43280e-01	7.81861e+04	9.99958e-01	4.18979e-05	3.20765e-17	4.90208e-01	6.23030e-24	0.00000e+00	1.15370e+00
1.660811813231e+16	2.78730e+10	1.00000e+00	1.43280e-01	7.52298e+04	9.99952e-01	4.78042e-05	4.30550e-17	5.79193e-01	8.48588e-24	0.00000e+00	1.14469e+00
1.660814600535e+16	2.83714e+10	1.00000e+00	1.43280e-01	7.23880e+04	9.99945e-01	5.47065e-05	5.81908e-17	6.65870e-01	1.17641e-23	0.00000e+00	1.13591e+00
1.660817437673e+16	2.89080e+10	1.00000e+00	1.43280e-01	6.96532e+04	9.99937e-01	6.28101e-05	7.92060e-17	7.44907e-01	1.66458e-23	0.00000e+00	1.12788e+00
1.660820328473e+16	2.94496e+10	1.00000e+00	1.43280e-01	6.70206e+04	9.99928e-01	7.23618e-05	1.08582e-16	8.12374e-01	2.40381e-23	0.00000e+00	1.12100e+00
1.660823273438e+16	2.99892e+10	1.00000e+00	1.43280e-01	6.44876e+04	9.99916e-01	8.36587e-05	1.49924e-16	8.66477e-01	3.53438e-23	0.00000e+00	1.11544e+00
1.660826272360e+16	3.05396e+10	1.00000e+00	1.43280e-01	6.20520e+04	9.99903e-01	9.70629e-05	2.09415e-16	9.07471e-01	5.25683e-23	0.00000e+00	1.10636e+00
1.660829326319e+16	3.11226e+10	1.00000e+00	1.43280e-01	5.95879e+04	9.99886e-01	1.13957e-04	2.97642e-16	9.38304e-01	8.11713e-23	0.00000e+00	1.10789e+00
1.660832438584e+16	3.01049e+10	1.00000e+00	1.43280e-01	5.74525e+04	9.99868e-01	1.32164e-04	4.14396e-16	9.57358e-01	1.20295e-22	0.00000e+00	1.10302e+00
1.660835449073e+16	3.23987e+10	1.00000e+00	1.43280e-01	5.52229e+04	9.99844e-01	1.55850e-04	5.96955e-16	9.70939e-01	1.85208e-22	0.00000e+00	1.10182e+00
1.660838688944e+16	3.20977e+10	1.00000e+00	1.43280e-01	5.31514e+04	9.99816e-01	1.83515e-04	8.57626e-16	9.78902e-01	2.80991e-22	0.00000e+00	1.10082e+00
1.660841898709e+16	3.29441e+10	1.00000e+00	1.43280e-01	5.11536e+04	9.99783e-01	2.17085e-04	1.24548e-15	9.83206e-01	4.25886e-22	0.00000e+00	1.09983e+00
1.660845193121e+16	3.37418e+10	1.00000e+00	1.43280e-01	4.92254e+04	9.99742e-01	2.58059e-04	1.82986e-15	9.84792e-01	6.44419e-22	0.00000e+00	1.09874e+00
1.660848567299e+16	3.44551e+10	1.00000e+00	1.43280e-01	4.73644e+04	9.99692e-01	3.08331e-04	2.70824e-15	9.84219e-01	9.75932e-22	0.00000e+00	1.10302e+00
1.660852012808e+16	3.50772e+10	1.00000e+00	1.43280e-01	4.56806e+04	9.99634e-01	3.66022e-04	3.97123e-15	9.81930e-01	1.43477e-21	0.00000e+00	1.10202e+00
1.660855520530e+16	3.80647e+10	1.00000e+00	1.43280e-01	4.39512e+04	9.99558e-01	4.41595e-04	6.09300e-15	9.77577e-01	2.15371e-21	0.00000e+00	1.09071e+00
1.660859327004e+16	3.86947e+10	1.00000e+00	1.43280e-01	4.20998e+04	9.99452e-01	5.47699e-04	9.77775e-15	9.70019e-01	3.42970e-21	0.00000e+00	1.10014e+00
1.660863196477e+16	3.51970e+10	1.00000e+00	1.43280e-01	4.06849e+04	9.99347e-01	6.53005e-04	1.46183e-14	9.61381e-01	4.95532e-21	0.00000e+00	1.08944e+00
1.660866716177e+16	4.04817e+10	1.00000e+00	1.43280e-01	3.89810e+04	9.99181e-01	8.18790e-04	2.40884e-14	9.46170e-01	8.01038e-21	0.00000e+00	1.09808e+00
1.660870764344e+16	3.70454e+10	1.00000e+00	1.43280e-01	3.76690e+04	9.99014e-01	9.86425e-04	3.66122e-14	9.29205e-01	1.18924e-20	0.00000e+00	1.09682e+00
1.660874468888e+16	4.25437e+10	1.00000e+00	1.43280e-01	3.62503e+04	9.98778e-01	1.22250e-03	5.95558e-14	9.03300e-01	1.88647e-20	0.00000e+00	1.09081e+00
1.660878723258e+16	4.34836e+10	1.00000e+00	1.43280e-01	3.48302e+04	9.98461e-01	1.53870e-03	1.00204e-13	8.66097e-01	3.13795e-20	0.00000e+00	1.08674e+00
1.660883071620e+16	4.26607e+10	1.00000e+00	1.43280e-01	3.35114e+04	9.98065e-01	1.93453e-03	1.68443e-13	8.17363e-01	5.30368e-20	0.00000e+00	1.08145e+00
1.660887337687e+16	4.33604e+10	1.00000e+00	1.43280e-01	3.22393e+04	9.97550e-01	2.45048e-03	2.88522e-13	7.53223e-01	9.34604e-20	0.00000e+00	1.07451e+00
1.660891673730e+16	4.39544e+10	1.00000e+00	1.43280e-01	3.10130e+04	9.96872e-01	3.12792e-03	5.03860e-13	6.72261e-01	1.73167e-19	0.00000e+00	1.06570e+00
1.660896069171e+16	4.44652e+10	1.00000e+00	1.43280e-01	2.98255e+04	9.95971e-01	4.02941e-03	9.10664e-13	5.75331e-01	3.45220e-19	0.00000e+00	1.05509e+00
1.660900515692e+16	4.46737e+10	1.00000e+00	1.43280e-01	2.86709e+04	9.94753e-01	5.24689e-03	1.80470e-12	4.67209e-01	7.88792e-19	0.00000e+00	1.04304e+00
1.660904983062e+16	4.43703e+10	1.00000e+00	1.43280e-01	2.75442e+04	9.93082e-01	6.91753e-03	3.67976e-12	3.56742e-01	1.97032e-18	0.00000e+00	1.03031e+00
1.660909420093e+16	4.33895e+10	1.00000e+00	1.43280e-01	2.64412e+04	9.90749e-01	9.25087e-03	7.74790e-12	2.54577e-01	5.42680e-18	0.00000e+00	1.01775e+00
1.660913759043e+16	4.16047e+10	1.00000e+00	1.43280e-01	2.53648e+04	9.87451e-01	1.25485e-02	1.68348e-11	1.69892e-01	1.64477e-17	0.00000e+00	1.00597e+00
1.660917919515e+16	3.92147e+10	1.00000e+00	1.43280e-01	2.43204e+04	9.82754e-01	1.72461e-02	3.76452e-11	1.06724e-01	5.43125e-17	0.00000e+00	9.94932e-01
1.660921840984e+16	3.65293e+10	1.00000e+00	1.43280e-01	2.33159e+04	9.76047e-01	2.39532e-02	8.61728e-11	6.38041e-02	1.92094e-16	0.00000e+00	9.83907e-01
1.660925493917e+16	3.39166e+10	1.00000e+00	1.43280e-01	2.23571e+04	9.66481e-01	3.35192e-02	2.00807e-10	3.67193e-02	7.14475e-16	0.00000e+00	9.71596e-01
1.660928885579e+16	3.16346e+10	1.00000e+00	1.43280e-01	2.14485e+04	9.52911e-01	4.70891e-02	4.73453e-10	2.05534e-02	2.74259e-15	0.00000e+00	9.56320e-01
1.660932049036e+16	2.98688e+10	1.00000e+00	1.43280e-01	2.05920e+04	9.33845e-01	6.61552e-02	1.12280e-09	1.12805e-02	1.06725e-14	0.00000e+00	9.36263e-01