#elapsed time	time step 	scale cont	scalingDen	<T>	<H+/H rad>	<H0/H rad>	<2*H2/H rad>	<He+/He rad>	<CO/H>	<redshift>	<ne/nH>
0.000000000000e+00	0.00000e+00	1.00000e+00	1.40820e-01	1.00000e+08	1.00000e+00	2.00182e-09	1.22878e-25	1.04408e-07	0.00000e+00	0.00000e+00	1.20000e+00
0.000000000000e+00	0.00000e+00	1.00000e+00	1.40820e-01	1.00000e+08	1.00000e+00	2.00182e-09	1.22878e-25	1.04408e-07	0.00000e+00	0.00000e+00	1.20000e+00
0.000000000000e+00	0.00000e+00	1.00000e+00	1.40820e-01	1.00000e+08	1.00000e+00	2.00182e-09	1.22878e-25	1.04408e-07	0.00000e+00	0.00000e+00	1.20000e+00
1.650735968695e+12	3.30147e+12	1.00000e+00	1.40820e-01	9.99799e+07	1.00000e+00	2.00223e-09	1.22925e-25	1.04431e-07	0.00000e+00	0.00000e+00	1.20000e+00
4.952207906085e+12	6.60294e+12	1.00000e+00	1.40820e-01	9.99398e+07	1.00000e+00	2.00307e-09	1.23019e-25	1.04478e-07	0.00000e+00	0.00000e+00	1.20000e+00
1.155515178086e+13	1.32059e+13	1.00000e+00	1.40820e-01	9.98597e+07	1.00000e+00	2.00475e-09	1.23207e-25	1.04572e-07	0.00000e+00	0.00000e+00	1.20000e+00
2.476103953042e+13	2.64118e+13	1.00000e+00	1.40820e-01	9.96995e+07	1.00000e+00	2.00812e-09	1.23584e-25	1.04759e-07	0.00000e+00	0.00000e+00	1.20000e+00
5.117281502954e+13	5.28236e+13	1.00000e+00	1.40820e-01	9.93797e+07	1.00000e+00	2.01489e-09	1.24343e-25	1.05135e-07	0.00000e+00	0.00000e+00	1.20000e+00
1.039963660278e+14	1.05647e+14	1.00000e+00	1.40820e-01	9.87421e+07	1.00000e+00	2.02850e-09	1.25875e-25	1.05893e-07	0.00000e+00	0.00000e+00	1.20000e+00
2.096434680242e+14	2.11294e+14	1.00000e+00	1.40820e-01	9.74754e+07	1.00000e+00	2.05607e-09	1.29006e-25	1.07428e-07	0.00000e+00	0.00000e+00	1.20000e+00
4.209376720172e+14	4.22588e+14	1.00000e+00	1.40820e-01	9.49750e+07	1.00000e+00	2.11269e-09	1.35543e-25	1.10584e-07	0.00000e+00	0.00000e+00	1.20000e+00
8.435260800031e+14	6.42059e+14	1.00000e+00	1.40820e-01	9.12519e+07	1.00000e+00	2.20282e-09	1.46246e-25	1.15617e-07	0.00000e+00	0.00000e+00	1.20000e+00
1.485585348962e+15	6.29467e+14	1.00000e+00	1.40820e-01	8.76745e+07	1.00000e+00	2.29671e-09	1.57784e-25	1.20872e-07	0.00000e+00	0.00000e+00	1.20000e+00
2.115052283926e+15	6.17087e+14	1.00000e+00	1.40820e-01	8.42371e+07	1.00000e+00	2.39453e-09	1.70221e-25	1.26359e-07	0.00000e+00	0.00000e+00	1.20000e+00
2.732139283509e+15	6.04883e+14	1.00000e+00	1.40820e-01	8.09342e+07	1.00000e+00	2.49643e-09	1.83626e-25	1.32088e-07	0.00000e+00	0.00000e+00	1.20000e+00
3.337022063903e+15	5.92887e+14	1.00000e+00	1.40820e-01	7.77605e+07	1.00000e+00	2.60258e-09	1.98074e-25	1.38068e-07	0.00000e+00	0.00000e+00	1.20000e+00
3.929908783229e+15	5.81063e+14	1.00000e+00	1.40820e-01	7.47112e+07	1.00000e+00	2.71314e-09	2.13644e-25	1.44311e-07	0.00000e+00	0.00000e+00	1.20000e+00
4.510972262719e+15	5.69460e+14	1.00000e+00	1.40820e-01	7.17810e+07	1.00000e+00	2.82831e-09	2.30423e-25	1.50829e-07	0.00000e+00	0.00000e+00	1.20000e+00
5.080432334661e+15	5.58010e+14	1.00000e+00	1.40820e-01	6.89657e+07	1.00000e+00	2.94826e-09	2.48502e-25	1.57632e-07	0.00000e+00	0.00000e+00	1.20000e+00
5.638442592280e+15	5.46775e+14	1.00000e+00	1.40820e-01	6.62605e+07	1.00000e+00	3.07320e-09	2.67982e-25	1.64733e-07	0.00000e+00	0.00000e+00	1.20000e+00
6.185217943581e+15	5.35707e+14	1.00000e+00	1.40820e-01	6.36614e+07	1.00000e+00	3.20332e-09	2.88969e-25	1.72145e-07	0.00000e+00	0.00000e+00	1.20000e+00
6.720924603741e+15	5.24847e+14	1.00000e+00	1.40820e-01	6.11640e+07	1.00000e+00	3.33883e-09	3.11579e-25	1.79881e-07	0.00000e+00	0.00000e+00	1.20000e+00
7.245771951567e+15	5.14165e+14	1.00000e+00	1.40820e-01	5.87644e+07	1.00000e+00	3.47996e-09	3.35935e-25	1.87955e-07	0.00000e+00	0.00000e+00	1.20000e+00
7.759936940966e+15	5.03658e+14	1.00000e+00	1.40820e-01	5.64587e+07	1.00000e+00	3.62693e-09	3.62170e-25	1.96382e-07	0.00000e+00	0.00000e+00	1.20000e+00
8.263594703289e+15	4.93324e+14	1.00000e+00	1.40820e-01	5.42435e+07	1.00000e+00	3.77999e-09	3.90432e-25	2.05177e-07	0.00000e+00	0.00000e+00	1.20000e+00
8.756918540629e+15	4.83188e+14	1.00000e+00	1.40820e-01	5.21149e+07	1.00000e+00	3.93938e-09	4.20869e-25	2.14357e-07	0.00000e+00	0.00000e+00	1.20000e+00
9.240106960478e+15	4.73208e+14	1.00000e+00	1.40820e-01	5.00698e+07	1.00000e+00	4.10534e-09	4.53652e-25	2.23936e-07	0.00000e+00	0.00000e+00	1.20000e+00
9.713315229413e+15	4.63421e+14	1.00000e+00	1.40820e-01	4.81048e+07	1.00000e+00	4.27815e-09	4.88954e-25	2.33934e-07	0.00000e+00	0.00000e+00	1.20000e+00
1.017673651875e+16	4.53799e+14	1.00000e+00	1.40820e-01	4.62168e+07	1.00000e+00	4.45808e-09	5.26968e-25	2.44366e-07	0.00000e+00	0.00000e+00	1.20000e+00
1.063053515373e+16	4.44338e+14	1.00000e+00	1.40820e-01	4.44028e+07	1.00000e+00	4.64543e-09	5.67901e-25	2.55254e-07	0.00000e+00	0.00000e+00	1.20000e+00
1.107487364902e+16	4.35051e+14	1.00000e+00	1.40820e-01	4.26598e+07	1.00000e+00	4.84047e-09	6.11970e-25	2.66616e-07	0.00000e+00	0.00000e+00	1.20000e+00
1.150992487510e+16	4.25934e+14	1.00000e+00	1.40820e-01	4.09852e+07	1.00000e+00	5.04355e-09	6.59417e-25	2.78472e-07	0.00000e+00	0.00000e+00	1.20000e+00
1.193585911880e+16	4.16985e+14	1.00000e+00	1.40820e-01	3.93762e+07	1.00000e+00	5.25495e-09	7.10497e-25	2.90846e-07	0.00000e+00	0.00000e+00	1.20000e+00
1.235284410906e+16	4.08178e+14	1.00000e+00	1.40820e-01	3.78303e+07	1.00000e+00	5.47504e-09	7.65487e-25	3.03759e-07	0.00000e+00	0.00000e+00	1.20000e+00
1.276102221022e+16	3.99546e+14	1.00000e+00	1.40820e-01	3.63450e+07	1.00000e+00	5.70417e-09	8.24678e-25	3.17235e-07	0.00000e+00	0.00000e+00	1.20000e+00
1.316056825308e+16	3.91075e+14	1.00000e+00	1.40820e-01	3.49179e+07	1.00000e+00	5.94269e-09	8.88392e-25	3.31299e-07	0.00000e+00	0.00000e+00	1.20000e+00
1.355164291254e+16	3.82740e+14	1.00000e+00	1.40820e-01	3.35468e+07	1.00000e+00	6.19097e-09	9.56965e-25	3.45977e-07	0.00000e+00	0.00000e+00	1.20000e+00
1.393438298998e+16	3.74573e+14	1.00000e+00	1.40820e-01	3.22294e+07	1.00000e+00	6.44944e-09	1.03078e-24	3.61296e-07	0.00000e+00	0.00000e+00	1.20000e+00
1.430895563822e+16	3.66549e+14	1.00000e+00	1.40820e-01	3.09636e+07	1.00000e+00	6.71850e-09	1.11022e-24	3.77286e-07	0.00000e+00	0.00000e+00	1.20000e+00
1.467550439755e+16	3.58677e+14	1.00000e+00	1.40820e-01	2.97475e+07	1.00000e+00	6.99861e-09	1.19572e-24	3.93977e-07	0.00000e+00	0.00000e+00	1.20000e+00
1.503418109485e+16	3.50934e+14	1.00000e+00	1.40820e-01	2.85791e+07	1.00000e+00	7.29017e-09	1.28774e-24	4.11399e-07	0.00000e+00	0.00000e+00	1.20000e+00
1.538511554686e+16	3.43359e+14	1.00000e+00	1.40820e-01	2.74565e+07	1.00000e+00	7.59366e-09	1.38676e-24	4.29586e-07	0.00000e+00	0.00000e+00	1.20000e+00
1.572847487447e+16	3.35920e+14	1.00000e+00	1.40820e-01	2.63779e+07	1.00000e+00	7.90956e-09	1.49332e-24	4.48573e-07	0.00000e+00	0.00000e+00	1.20000e+00
1.606439441978e+16	3.28604e+14	1.00000e+00	1.40820e-01	2.53416e+07	1.00000e+00	8.23837e-09	1.60798e-24	4.68396e-07	0.00000e+00	0.00000e+00	1.20000e+00
1.639299864438e+16	3.21430e+14	1.00000e+00	1.40820e-01	2.43460e+07	1.00000e+00	8.58061e-09	1.73136e-24	4.89093e-07	0.00000e+00	0.00000e+00	1.20000e+00
1.671442888659e+16	3.14404e+14	1.00000e+00	1.40820e-01	2.33894e+07	1.00000e+00	8.93687e-09	1.86411e-24	5.10706e-07	0.00000e+00	0.00000e+00	1.20000e+00
1.702883297963e+16	3.07497e+14	1.00000e+00	1.40820e-01	2.24703e+07	1.00000e+00	9.30766e-09	2.00696e-24	5.33277e-07	0.00000e+00	0.00000e+00	1.20000e+00
1.733633013379e+16	3.00717e+14	1.00000e+00	1.40820e-01	2.15873e+07	1.00000e+00	9.69361e-09	2.16065e-24	5.56850e-07	0.00000e+00	0.00000e+00	1.20000e+00
1.763704687344e+16	2.94069e+14	1.00000e+00	1.40820e-01	2.07390e+07	1.00000e+00	1.00953e-08	2.32602e-24	5.81473e-07	0.00000e+00	0.00000e+00	1.20000e+00
1.793111627542e+16	2.87553e+14	1.00000e+00	1.40820e-01	1.99239e+07	1.00000e+00	1.05135e-08	2.50395e-24	6.07196e-07	0.00000e+00	0.00000e+00	1.20000e+00
1.821866921042e+16	2.81149e+14	1.00000e+00	1.40820e-01	1.91408e+07	1.00000e+00	1.09487e-08	2.69540e-24	6.34071e-07	0.00000e+00	0.00000e+00	1.20000e+00
1.849981866107e+16	2.74873e+14	1.00000e+00	1.40820e-01	1.83884e+07	1.00000e+00	1.14018e-08	2.90140e-24	6.62154e-07	0.00000e+00	0.00000e+00	1.20000e+00
1.877469186831e+16	2.68715e+14	1.00000e+00	1.40820e-01	1.76655e+07	1.00000e+00	1.18734e-08	3.12305e-24	6.91504e-07	0.00000e+00	0.00000e+00	1.20000e+00
1.904340642097e+16	2.62672e+14	1.00000e+00	1.40820e-01	1.69710e+07	1.00000e+00	1.23644e-08	3.36159e-24	7.22181e-07	0.00000e+00	0.00000e+00	1.20000e+00
1.930607829558e+16	2.56744e+14	1.00000e+00	1.40820e-01	1.63037e+07	1.00000e+00	1.28755e-08	3.61826e-24	7.54251e-07	0.00000e+00	0.00000e+00	1.20000e+00
1.956282186364e+16	2.50928e+14	1.00000e+00	1.40820e-01	1.56626e+07	1.00000e+00	1.34076e-08	3.89445e-24	7.87784e-07	0.00000e+00	0.00000e+00	1.20000e+00
1.981374989923e+16	2.45224e+14	1.00000e+00	1.40820e-01	1.50467e+07	1.00000e+00	1.39615e-08	4.19167e-24	8.22854e-07	0.00000e+00	0.00000e+00	1.20000e+00
2.005897358698e+16	2.39629e+14	1.00000e+00	1.40820e-01	1.44550e+07	1.00000e+00	1.45382e-08	4.51151e-24	8.59537e-07	0.00000e+00	0.00000e+00	1.20000e+00
2.029860253038e+16	2.34142e+14	1.00000e+00	1.40820e-01	1.38864e+07	1.00000e+00	1.51386e-08	4.85573e-24	8.97917e-07	0.00000e+00	0.00000e+00	1.20000e+00
2.053274476051e+16	2.28756e+14	1.00000e+00	1.40820e-01	1.33402e+07	1.00000e+00	1.57637e-08	5.22619e-24	9.38080e-07	0.00000e+00	0.00000e+00	1.20000e+00
2.076150035897e+16	2.23474e+14	1.00000e+00	1.40820e-01	1.28154e+07	1.00000e+00	1.64146e-08	5.62494e-24	9.80119e-07	0.00000e+00	0.00000e+00	1.20000e+00
2.098497453445e+16	2.18296e+14	1.00000e+00	1.40820e-01	1.23112e+07	1.00000e+00	1.70923e-08	6.05415e-24	1.02413e-06	0.00000e+00	0.00000e+00	1.20000e+00
2.120327094236e+16	2.13209e+14	1.00000e+00	1.40820e-01	1.18269e+07	1.00000e+00	1.77980e-08	6.51619e-24	1.07022e-06	0.00000e+00	0.00000e+00	1.20000e+00
2.141647979422e+16	2.08234e+14	1.00000e+00	1.40820e-01	1.13615e+07	1.00000e+00	1.85331e-08	7.01361e-24	1.11850e-06	0.00000e+00	0.00000e+00	1.20000e+00
2.162471384797e+16	2.03341e+14	1.00000e+00	1.40820e-01	1.09143e+07	1.00000e+00	1.92986e-08	7.54920e-24	1.16908e-06	0.00000e+00	0.00000e+00	1.20000e+00
2.182805513318e+16	1.98547e+14	1.00000e+00	1.40820e-01	1.04848e+07	1.00000e+00	2.00959e-08	8.12591e-24	1.22210e-06	0.00000e+00	0.00000e+00	1.20000e+00
2.202660199316e+16	1.93849e+14	1.00000e+00	1.40820e-01	1.00721e+07	1.00000e+00	2.09264e-08	8.74702e-24	1.27768e-06	0.00000e+00	0.00000e+00	1.20000e+00
2.222045124687e+16	1.89236e+14	1.00000e+00	1.40820e-01	9.67557e+06	1.00000e+00	2.17918e-08	9.41606e-24	1.33595e-06	0.00000e+00	0.00000e+00	1.20000e+00
2.240968764321e+16	1.84708e+14	1.00000e+00	1.40820e-01	9.29465e+06	1.00000e+00	2.26933e-08	1.01368e-23	1.39708e-06	0.00000e+00	0.00000e+00	1.20000e+00
2.259439518924e+16	1.80277e+14	1.00000e+00	1.40820e-01	8.92867e+06	1.00000e+00	2.36327e-08	1.09133e-23	1.46123e-06	0.00000e+00	0.00000e+00	1.20000e+00
2.277467221463e+16	1.75923e+14	1.00000e+00	1.40820e-01	8.57705e+06	1.00000e+00	2.46116e-08	1.17500e-23	1.52857e-06	0.00000e+00	0.00000e+00	1.20000e+00
2.295059555532e+16	1.71656e+14	1.00000e+00	1.40820e-01	8.23924e+06	1.00000e+00	2.56319e-08	1.26518e-23	1.59928e-06	0.00000e+00	0.00000e+00	1.20000e+00
2.312225120683e+16	1.67468e+14	1.00000e+00	1.40820e-01	7.91470e+06	1.00000e+00	2.66953e-08	1.36239e-23	1.67356e-06	0.00000e+00	0.00000e+00	1.20000e+00
2.328971935218e+16	1.63365e+14	1.00000e+00	1.40820e-01	7.60290e+06	1.00000e+00	2.78039e-08	1.46720e-23	1.75162e-06	0.00000e+00	0.00000e+00	1.20000e+00
2.345308392808e+16	1.59339e+14	1.00000e+00	1.40820e-01	7.30335e+06	1.00000e+00	2.89598e-08	1.58022e-23	1.83369e-06	0.00000e+00	0.00000e+00	1.20000e+00
2.361242327924e+16	1.55392e+14	1.00000e+00	1.40820e-01	7.01555e+06	1.00000e+00	3.01652e-08	1.70213e-23	1.92000e-06	0.00000e+00	0.00000e+00	1.20000e+00
2.376781493093e+16	1.51516e+14	1.00000e+00	1.40820e-01	6.73905e+06	1.00000e+00	3.14223e-08	1.83365e-23	2.01081e-06	0.00000e+00	0.00000e+00	1.20000e+00
2.391933135527e+16	1.47717e+14	1.00000e+00	1.40820e-01	6.47341e+06	1.00000e+00	3.27336e-08	1.97560e-23	2.10639e-06	0.00000e+00	0.00000e+00	1.20000e+00
2.406704861561e+16	1.43989e+14	1.00000e+00	1.40820e-01	6.21822e+06	1.00000e+00	3.41016e-08	2.12881e-23	2.20705e-06	0.00000e+00	0.00000e+00	1.20000e+00
2.421103790505e+16	1.40340e+14	1.00000e+00	1.40820e-01	5.97303e+06	1.00000e+00	3.55292e-08	2.29423e-23	2.31309e-06	0.00000e+00	0.00000e+00	1.20000e+00
2.435137767094e+16	1.36752e+14	1.00000e+00	1.40820e-01	5.73748e+06	1.00000e+00	3.70192e-08	2.47292e-23	2.42487e-06	0.00000e+00	0.00000e+00	1.20000e+00
2.448812994351e+16	1.33238e+14	1.00000e+00	1.40820e-01	5.51117e+06	1.00000e+00	3.85745e-08	2.66596e-23	2.54271e-06	0.00000e+00	0.00000e+00	1.20000e+00
2.462136787929e+16	1.29789e+14	1.00000e+00	1.40820e-01	5.29375e+06	1.00000e+00	4.01986e-08	2.87460e-23	2.66701e-06	0.00000e+00	0.00000e+00	1.20000e+00
2.475115649700e+16	1.26404e+14	1.00000e+00	1.40820e-01	5.08487e+06	1.00000e+00	4.18946e-08	3.10016e-23	2.79822e-06	0.00000e+00	0.00000e+00	1.20000e+00
2.487756046357e+16	1.23087e+14	1.00000e+00	1.40820e-01	4.88420e+06	1.00000e+00	4.36663e-08	3.34411e-23	2.93678e-06	0.00000e+00	0.00000e+00	1.20000e+00
2.500064749061e+16	1.19834e+14	1.00000e+00	1.40820e-01	4.69141e+06	1.00000e+00	4.55175e-08	3.60806e-23	3.08320e-06	0.00000e+00	0.00000e+00	1.20000e+00
2.512048127512e+16	1.16641e+14	1.00000e+00	1.40820e-01	4.50619e+06	1.00000e+00	4.74522e-08	3.89375e-23	3.23799e-06	0.00000e+00	0.00000e+00	1.20000e+00
2.523712184073e+16	1.13510e+14	1.00000e+00	1.40820e-01	4.32824e+06	1.00000e+00	4.94748e-08	4.20310e-23	3.40172e-06	0.00000e+00	0.00000e+00	1.20000e+00
2.535063217587e+16	1.10436e+14	1.00000e+00	1.40820e-01	4.15728e+06	1.00000e+00	5.15896e-08	4.53820e-23	3.57502e-06	0.00000e+00	0.00000e+00	1.20000e+00
2.546106864357e+16	1.07422e+14	1.00000e+00	1.40820e-01	3.99305e+06	1.00000e+00	5.38016e-08	4.90137e-23	3.75853e-06	0.00000e+00	0.00000e+00	1.20000e+00
2.556849059052e+16	1.04469e+14	1.00000e+00	1.40820e-01	3.83525e+06	1.00000e+00	5.61161e-08	5.29518e-23	3.95300e-06	0.00000e+00	0.00000e+00	1.20000e+00
2.567295997428e+16	1.01567e+14	1.00000e+00	1.40820e-01	3.68366e+06	1.00000e+00	5.85385e-08	5.72237e-23	4.15918e-06	0.00000e+00	0.00000e+00	1.20000e+00
2.577452689705e+16	9.87204e+13	1.00000e+00	1.40820e-01	3.53802e+06	1.00000e+00	6.10744e-08	6.18603e-23	4.37792e-06	0.00000e+00	0.00000e+00	1.20000e+00
2.587324731156e+16	9.59297e+13	1.00000e+00	1.40820e-01	3.39810e+06	1.00000e+00	6.37302e-08	6.68959e-23	4.61014e-06	0.00000e+00	0.00000e+00	1.20000e+00
2.596917701147e+16	9.31920e+13	1.00000e+00	1.40820e-01	3.26368e+06	1.00000e+00	6.65126e-08	7.23671e-23	4.85682e-06	0.00000e+00	0.00000e+00	1.20000e+00
2.606236900666e+16	9.05048e+13	1.00000e+00	1.40820e-01	3.13454e+06	1.00000e+00	6.94285e-08	7.83153e-23	5.11901e-06	0.00000e+00	0.00000e+00	1.20000e+00
2.615287378730e+16	8.78682e+13	1.00000e+00	1.40820e-01	3.01047e+06	1.00000e+00	7.24851e-08	8.47852e-23	5.39779e-06	0.00000e+00	0.00000e+00	1.20000e+00
2.624074201273e+16	8.52824e+13	1.00000e+00	1.40820e-01	2.89127e+06	1.00000e+00	7.56907e-08	9.18279e-23	5.69453e-06	0.00000e+00	0.00000e+00	1.20000e+00
2.632602446013e+16	8.27452e+13	1.00000e+00	1.40820e-01	2.77676e+06	1.00000e+00	7.90540e-08	9.94988e-23	6.01061e-06	0.00000e+00	0.00000e+00	1.20000e+00
2.640876967997e+16	8.02568e+13	1.00000e+00	1.40820e-01	2.66674e+06	1.00000e+00	8.25843e-08	1.07860e-22	6.34754e-06	0.00000e+00	0.00000e+00	1.20000e+00
2.648902645030e+16	7.78130e+13	1.00000e+00	1.40820e-01	2.56104e+06	1.00000e+00	8.62910e-08	1.16979e-22	6.70697e-06	0.00000e+00	0.00000e+00	1.20000e+00
2.656683940842e+16	7.54164e+13	1.00000e+00	1.40820e-01	2.45949e+06	1.00000e+00	9.01849e-08	1.26934e-22	7.09067e-06	0.00000e+00	0.00000e+00	1.20000e+00
2.664225579970e+16	7.30653e+13	1.00000e+00	1.40820e-01	2.36194e+06	1.00000e+00	9.42772e-08	1.37806e-22	7.50062e-06	0.00000e+00	0.00000e+00	1.20000e+00
2.671532109969e+16	7.07601e+13	1.00000e+00	1.40820e-01	2.26821e+06	1.00000e+00	9.85800e-08	1.49692e-22	7.93899e-06	0.00000e+00	0.00000e+00	1.20000e+00
2.678608117094e+16	6.84953e+13	1.00000e+00	1.40820e-01	2.17817e+06	1.00000e+00	1.03106e-07	1.62694e-22	8.40809e-06	0.00000e+00	0.00000e+00	1.20000e+00
2.685457651152e+16	6.62756e+13	1.00000e+00	1.40820e-01	2.09166e+06	1.00000e+00	1.07869e-07	1.76930e-22	8.91054e-06	0.00000e+00	0.00000e+00	1.20000e+00
2.692085209957e+16	6.40976e+13	1.00000e+00	1.40820e-01	2.00854e+06	1.00000e+00	1.12885e-07	1.92531e-22	9.44916e-06	0.00000e+00	0.00000e+00	1.20000e+00
2.698494973398e+16	6.19604e+13	1.00000e+00	1.40820e-01	1.92869e+06	1.00000e+00	1.18168e-07	2.09640e-22	1.00271e-05	0.00000e+00	0.00000e+00	1.20000e+00
2.704691015455e+16	5.98647e+13	1.00000e+00	1.40820e-01	1.85198e+06	1.00000e+00	1.23737e-07	2.28423e-22	1.06477e-05	0.00000e+00	0.00000e+00	1.20000e+00
2.710677484741e+16	5.78079e+13	1.00000e+00	1.40820e-01	1.77828e+06	1.00000e+00	1.29609e-07	2.49060e-22	1.13148e-05	0.00000e+00	0.00000e+00	1.20000e+00
2.716458276601e+16	5.57925e+13	1.00000e+00	1.40820e-01	1.70747e+06	1.00000e+00	1.35803e-07	2.71750e-22	1.20324e-05	0.00000e+00	0.00000e+00	1.20000e+00
2.722037531307e+16	5.38148e+13	1.00000e+00	1.40820e-01	1.63944e+06	1.00000e+00	1.42342e-07	2.96728e-22	1.28052e-05	0.00000e+00	0.00000e+00	1.20000e+00
2.727419008614e+16	5.18771e+13	1.00000e+00	1.40820e-01	1.57408e+06	1.00000e+00	1.49250e-07	3.24252e-22	1.36384e-05	0.00000e+00	0.00000e+00	1.20000e+00
2.732606715492e+16	4.99747e+13	1.00000e+00	1.40820e-01	1.51129e+06	1.00000e+00	1.56550e-07	3.54615e-22	1.45376e-05	0.00000e+00	0.00000e+00	1.20000e+00
2.737604185894e+16	4.81143e+13	1.00000e+00	1.40820e-01	1.45096e+06	1.00000e+00	1.64271e-07	3.88146e-22	1.55093e-05	0.00000e+00	0.00000e+00	1.20000e+00
2.742415613204e+16	4.62874e+13	1.00000e+00	1.40820e-01	1.39300e+06	1.00000e+00	1.72441e-07	4.25213e-22	1.65604e-05	0.00000e+00	0.00000e+00	1.20000e+00
2.747044355897e+16	4.44981e+13	1.00000e+00	1.40820e-01	1.33732e+06	1.00000e+00	1.81092e-07	4.66238e-22	1.76986e-05	0.00000e+00	0.00000e+00	1.20000e+00
2.751494168103e+16	4.27463e+13	1.00000e+00	1.40820e-01	1.28382e+06	1.00000e+00	1.90258e-07	5.11697e-22	1.89329e-05	0.00000e+00	0.00000e+00	1.20000e+00
2.755768794307e+16	4.10318e+13	1.00000e+00	1.40820e-01	1.23242e+06	1.00000e+00	1.99977e-07	5.62129e-22	2.02729e-05	0.00000e+00	0.00000e+00	1.20000e+00
2.759871975837e+16	3.93505e+13	1.00000e+00	1.40820e-01	1.18303e+06	1.00000e+00	2.10287e-07	6.18145e-22	2.17294e-05	0.00000e+00	0.00000e+00	1.20000e+00
2.763807024804e+16	3.77081e+13	1.00000e+00	1.40820e-01	1.13559e+06	1.00000e+00	2.21234e-07	6.80444e-22	2.33149e-05	0.00000e+00	0.00000e+00	1.20000e+00
2.767577831879e+16	3.60996e+13	1.00000e+00	1.40820e-01	1.09000e+06	1.00000e+00	2.32864e-07	7.49815e-22	2.50431e-05	0.00000e+00	0.00000e+00	1.20000e+00
2.771187790051e+16	3.45276e+13	1.00000e+00	1.40820e-01	1.04621e+06	1.00000e+00	2.45230e-07	8.27174e-22	2.69294e-05	0.00000e+00	0.00000e+00	1.20000e+00
2.774640546713e+16	3.29915e+13	1.00000e+00	1.40820e-01	1.00413e+06	1.00000e+00	2.58386e-07	9.13548e-22	2.89915e-05	0.00000e+00	0.00000e+00	1.20000e+00
2.777939698861e+16	3.14903e+13	1.00000e+00	1.40820e-01	9.63699e+05	1.00000e+00	2.72389e-07	1.01009e-21	3.12484e-05	0.00000e+00	0.00000e+00	1.20000e+00
2.781088723972e+16	3.00270e+13	1.00000e+00	1.40820e-01	9.24858e+05	1.00000e+00	2.87309e-07	1.11819e-21	3.37231e-05	0.00000e+00	0.00000e+00	1.20000e+00
2.784091420690e+16	2.85989e+13	1.00000e+00	1.40820e-01	8.87539e+05	1.00000e+00	3.03221e-07	1.23942e-21	3.64412e-05	0.00000e+00	0.00000e+00	1.20000e+00
2.786951312784e+16	2.72062e+13	1.00000e+00	1.40820e-01	8.51685e+05	1.00000e+00	3.20203e-07	1.37558e-21	3.94315e-05	0.00000e+00	0.00000e+00	1.20000e+00
2.789671930790e+16	2.58503e+13	1.00000e+00	1.40820e-01	8.17237e+05	1.00000e+00	3.38344e-07	1.52874e-21	4.27273e-05	0.00000e+00	0.00000e+00	1.19999e+00
2.792256962229e+16	2.45313e+13	1.00000e+00	1.40820e-01	7.84141e+05	1.00000e+00	3.57737e-07	1.70132e-21	4.63664e-05	0.00000e+00	0.00000e+00	1.19999e+00
2.794710097222e+16	2.32481e+13	1.00000e+00	1.40820e-01	7.52344e+05	1.00000e+00	3.78488e-07	1.89609e-21	5.03921e-05	0.00000e+00	0.00000e+00	1.19999e+00
2.797034909941e+16	2.20028e+13	1.00000e+00	1.40820e-01	7.21793e+05	1.00000e+00	4.00712e-07	2.11631e-21	5.48544e-05	0.00000e+00	0.00000e+00	1.19999e+00
2.799235189838e+16	2.07938e+13	1.00000e+00	1.40820e-01	6.92443e+05	1.00000e+00	4.24535e-07	2.36570e-21	5.98104e-05	0.00000e+00	0.00000e+00	1.19999e+00
2.801314567320e+16	1.96231e+13	1.00000e+00	1.40820e-01	6.64243e+05	1.00000e+00	4.50097e-07	2.64869e-21	6.53269e-05	0.00000e+00	0.00000e+00	1.19999e+00
2.803276873652e+16	1.84888e+13	1.00000e+00	1.40820e-01	6.37153e+05	1.00000e+00	4.77548e-07	2.97035e-21	7.14801e-05	0.00000e+00	0.00000e+00	1.19999e+00
2.805125754538e+16	1.73939e+13	1.00000e+00	1.40820e-01	6.11126e+05	1.00000e+00	5.07059e-07	3.33672e-21	7.83597e-05	0.00000e+00	0.00000e+00	1.19999e+00
2.806865140041e+16	1.63369e+13	1.00000e+00	1.40820e-01	5.86120e+05	1.00000e+00	5.38818e-07	3.75482e-21	8.60703e-05	0.00000e+00	0.00000e+00	1.19999e+00
2.808498831817e+16	1.53166e+13	1.00000e+00	1.40820e-01	5.62099e+05	1.00000e+00	5.73027e-07	4.23289e-21	9.47317e-05	0.00000e+00	0.00000e+00	1.19999e+00
2.810030493882e+16	1.43370e+13	1.00000e+00	1.40820e-01	5.39021e+05	1.00000e+00	6.09904e-07	4.78051e-21	1.04487e-04	0.00000e+00	0.00000e+00	1.19999e+00
2.811464190081e+16	1.33941e+13	1.00000e+00	1.40820e-01	5.16852e+05	1.00000e+00	6.49712e-07	5.40935e-21	1.15503e-04	0.00000e+00	0.00000e+00	1.19998e+00
2.812803602568e+16	1.24909e+13	1.00000e+00	1.40820e-01	4.95573e+05	1.00000e+00	6.92695e-07	6.13239e-21	1.27967e-04	0.00000e+00	0.00000e+00	1.19998e+00
2.814052693615e+16	1.16365e+13	1.00000e+00	1.40820e-01	4.75203e+05	1.00000e+00	7.39029e-07	6.96327e-21	1.42067e-04	0.00000e+00	0.00000e+00	1.19998e+00
2.815216342375e+16	1.08585e+13	1.00000e+00	1.40820e-01	4.55639e+05	1.00000e+00	7.89187e-07	7.92303e-21	1.58114e-04	0.00000e+00	0.00000e+00	1.19998e+00
2.816302188788e+16	1.01154e+13	1.00000e+00	1.40820e-01	4.36850e+05	1.00000e+00	8.43548e-07	9.03438e-21	1.76430e-04	0.00000e+00	0.00000e+00	1.19997e+00
2.817313732452e+16	9.40745e+12	1.00000e+00	1.40820e-01	4.18805e+05	1.00000e+00	9.02535e-07	1.03243e-20	1.97402e-04	0.00000e+00	0.00000e+00	1.19997e+00
2.818254477166e+16	8.73366e+12	1.00000e+00	1.40820e-01	4.01477e+05	1.00000e+00	9.66620e-07	1.18253e-20	2.21494e-04	0.00000e+00	0.00000e+00	1.19997e+00
2.819127843398e+16	8.09394e+12	1.00000e+00	1.40820e-01	3.84836e+05	1.00000e+00	1.03634e-06	1.35766e-20	2.49266e-04	0.00000e+00	0.00000e+00	1.19996e+00
2.819937236957e+16	7.48716e+12	1.00000e+00	1.40820e-01	3.68856e+05	1.00000e+00	1.11228e-06	1.56254e-20	2.81389e-04	0.00000e+00	0.00000e+00	1.19996e+00
2.820685952914e+16	6.91305e+12	1.00000e+00	1.40820e-01	3.53512e+05	9.99999e-01	1.19511e-06	1.80288e-20	3.18686e-04	0.00000e+00	0.00000e+00	1.19995e+00
2.821377258177e+16	6.37050e+12	1.00000e+00	1.40820e-01	3.38778e+05	9.99999e-01	1.28559e-06	2.08563e-20	3.62151e-04	0.00000e+00	0.00000e+00	1.19994e+00
2.822014308352e+16	5.85924e+12	1.00000e+00	1.40820e-01	3.24631e+05	9.99999e-01	1.38457e-06	2.41922e-20	4.13010e-04	0.00000e+00	0.00000e+00	1.19997e+00
2.822600232568e+16	5.37810e+12	1.00000e+00	1.40820e-01	3.11053e+05	9.99999e-01	1.49296e-06	2.81402e-20	4.72743e-04	0.00000e+00	0.00000e+00	1.19992e+00
2.823138042911e+16	4.92805e+12	1.00000e+00	1.40820e-01	2.98007e+05	9.99999e-01	1.61195e-06	3.28298e-20	5.43274e-04	0.00000e+00	0.00000e+00	1.19991e+00
2.823630848056e+16	4.50278e+12	1.00000e+00	1.40820e-01	2.85494e+05	9.99999e-01	1.74259e-06	3.84090e-20	6.26783e-04	0.00000e+00	0.00000e+00	1.19995e+00
2.824081125710e+16	4.10958e+12	1.00000e+00	1.40820e-01	2.73501e+05	9.99999e-01	1.88616e-06	4.50699e-20	7.26027e-04	0.00000e+00	0.00000e+00	1.19988e+00
2.824492083249e+16	3.74875e+12	1.00000e+00	1.40820e-01	2.61974e+05	9.99999e-01	2.04464e-06	5.30654e-20	8.44860e-04	0.00000e+00	0.00000e+00	1.19986e+00
2.824866958207e+16	3.40794e+12	1.00000e+00	1.40820e-01	2.50916e+05	9.99999e-01	2.21959e-06	6.26844e-20	9.87601e-04	0.00000e+00	0.00000e+00	1.19983e+00
2.825207751743e+16	3.09303e+12	1.00000e+00	1.40820e-01	2.40301e+05	9.99998e-01	2.41318e-06	7.43065e-20	1.16002e-03	0.00000e+00	0.00000e+00	1.19980e+00
2.825517054681e+16	2.80074e+12	1.00000e+00	1.40820e-01	2.30113e+05	9.99998e-01	2.62779e-06	8.84037e-20	1.36937e-03	0.00000e+00	0.00000e+00	1.19976e+00
2.825797128486e+16	2.53042e+12	1.00000e+00	1.40820e-01	2.20337e+05	9.99998e-01	2.86615e-06	1.05554e-19	1.62483e-03	0.00000e+00	0.00000e+00	1.19988e+00
2.826050170505e+16	2.28129e+12	1.00000e+00	1.40820e-01	2.10973e+05	9.99998e-01	3.13092e-06	1.26521e-19	1.93766e-03	0.00000e+00	0.00000e+00	1.19965e+00
2.826278299370e+16	2.05584e+12	1.00000e+00	1.40820e-01	2.01953e+05	9.99997e-01	3.42735e-06	1.52353e-19	2.32498e-03	0.00000e+00	0.00000e+00	1.19957e+00
2.826483882884e+16	1.84134e+12	1.00000e+00	1.40820e-01	1.93317e+05	9.99997e-01	3.75807e-06	1.84171e-19	2.80440e-03	0.00000e+00	0.00000e+00	1.19948e+00
2.826668016839e+16	1.64867e+12	1.00000e+00	1.40820e-01	1.85034e+05	9.99997e-01	4.12847e-06	2.23527e-19	3.40168e-03	0.00000e+00	0.00000e+00	1.19975e+00
2.826832884130e+16	1.47314e+12	1.00000e+00	1.40820e-01	1.77124e+05	9.99996e-01	4.54228e-06	2.72467e-19	4.14560e-03	0.00000e+00	0.00000e+00	1.19922e+00
2.826980198109e+16	1.31954e+12	1.00000e+00	1.40820e-01	1.69480e+05	9.99996e-01	5.01140e-06	3.34072e-19	5.08692e-03	0.00000e+00	0.00000e+00	1.19905e+00
2.827112152248e+16	1.17029e+12	1.00000e+00	1.40820e-01	1.62192e+05	9.99995e-01	5.53763e-06	4.11141e-19	6.26644e-03	0.00000e+00	0.00000e+00	1.19885e+00
2.827229181525e+16	1.04171e+12	1.00000e+00	1.40820e-01	1.55217e+05	9.99995e-01	6.13127e-06	5.08335e-19	7.75056e-03	0.00000e+00	0.00000e+00	1.19862e+00
2.827333353008e+16	9.27240e+11	1.00000e+00	1.40820e-01	1.48549e+05	9.99994e-01	6.80170e-06	6.30845e-19	9.61422e-03	0.00000e+00	0.00000e+00	1.19929e+00
2.827426076993e+16	8.26378e+11	1.00000e+00	1.40820e-01	1.42247e+05	9.99993e-01	7.55143e-06	7.85164e-19	1.19221e-02	0.00000e+00	0.00000e+00	1.19911e+00
2.827508714833e+16	7.46078e+11	1.00000e+00	1.40820e-01	1.36184e+05	9.99992e-01	8.40632e-06	9.83238e-19	1.48070e-02	0.00000e+00	0.00000e+00	1.19889e+00
2.827583322643e+16	6.70319e+11	1.00000e+00	1.40820e-01	1.30414e+05	9.99991e-01	9.37304e-06	1.23611e-18	1.83477e-02	0.00000e+00	0.00000e+00	1.19860e+00
2.827650354544e+16	6.05983e+11	1.00000e+00	1.40820e-01	1.24929e+05	9.99990e-01	1.04664e-05	1.55977e-18	2.26401e-02	0.00000e+00	0.00000e+00	1.19824e+00
2.827710952845e+16	5.52142e+11	1.00000e+00	1.40820e-01	1.19723e+05	9.99989e-01	1.17030e-05	1.97504e-18	2.77715e-02	0.00000e+00	0.00000e+00	1.19780e+00
2.827766167041e+16	5.07830e+11	1.00000e+00	1.40820e-01	1.14783e+05	9.99988e-01	1.31021e-05	2.51212e-18	3.38116e-02	0.00000e+00	0.00000e+00	1.19586e+00
2.827816950066e+16	4.72073e+11	1.00000e+00	1.40820e-01	1.10036e+05	9.99986e-01	1.47095e-05	3.21240e-18	4.08700e-02	0.00000e+00	0.00000e+00	1.19520e+00
2.827864157368e+16	4.37669e+11	1.00000e+00	1.40820e-01	1.05600e+05	9.99984e-01	1.65062e-05	4.10704e-18	4.88504e-02	0.00000e+00	0.00000e+00	1.19446e+00
2.827907924232e+16	4.16740e+11	1.00000e+00	1.40820e-01	1.01390e+05	9.99982e-01	1.85451e-05	5.26890e-18	5.78896e-02	0.00000e+00	0.00000e+00	1.19360e+00
2.827949598244e+16	4.01436e+11	1.00000e+00	1.40820e-01	9.73900e+04	9.99980e-01	2.08631e-05	6.78385e-18	6.80159e-02	0.00000e+00	0.00000e+00	1.19263e+00
2.827989741833e+16	3.90989e+11	1.00000e+00	1.40820e-01	9.35869e+04	9.99977e-01	2.35036e-05	8.75875e-18	7.92624e-02	0.00000e+00	0.00000e+00	1.19280e+00
2.828028840726e+16	3.84862e+11	1.00000e+00	1.40820e-01	9.00120e+04	9.99974e-01	2.64778e-05	1.13312e-17	9.16100e-02	0.00000e+00	0.00000e+00	1.19154e+00
2.828067326929e+16	3.87611e+11	1.00000e+00	1.40820e-01	8.65542e+04	9.99971e-01	2.99292e-05	1.47772e-17	1.05280e-01	0.00000e+00	0.00000e+00	1.19015e+00
2.828106088065e+16	3.88104e+11	1.00000e+00	1.40820e-01	8.32556e+04	9.99967e-01	3.38911e-05	1.93783e-17	1.20091e-01	0.00000e+00	0.00000e+00	1.18752e+00
2.828144898503e+16	3.91823e+11	1.00000e+00	1.40820e-01	8.00682e+04	9.99962e-01	3.85106e-05	2.55963e-17	1.36093e-01	0.00000e+00	0.00000e+00	1.18594e+00
2.828184080788e+16	3.93705e+11	1.00000e+00	1.40820e-01	7.70553e+04	9.99957e-01	4.37910e-05	3.38650e-17	1.53091e-01	0.00000e+00	0.00000e+00	1.18521e+00
2.828223451311e+16	4.02767e+11	1.00000e+00	1.40820e-01	7.41940e+04	9.99951e-01	4.98573e-05	4.50054e-17	1.71247e-01	0.00000e+00	0.00000e+00	1.18334e+00
2.828263728043e+16	4.17753e+11	1.00000e+00	1.40820e-01	7.14126e+04	9.99944e-01	5.70109e-05	6.04158e-17	1.90736e-01	0.00000e+00	0.00000e+00	1.18133e+00
2.828305503382e+16	4.29021e+11	1.00000e+00	1.40820e-01	6.87353e+04	9.99935e-01	6.54010e-05	8.17255e-17	2.11277e-01	0.00000e+00	0.00000e+00	1.17921e+00
2.828348405511e+16	4.40580e+11	1.00000e+00	1.40820e-01	6.61518e+04	9.99926e-01	7.53039e-05	1.11515e-16	2.32767e-01	0.00000e+00	0.00000e+00	1.17699e+00
2.828392463533e+16	4.51248e+11	1.00000e+00	1.40820e-01	6.36530e+04	9.99914e-01	8.70712e-05	1.53745e-16	2.55033e-01	0.00000e+00	0.00000e+00	1.17394e+00
2.828437588322e+16	4.59810e+11	1.00000e+00	1.40820e-01	6.12109e+04	9.99900e-01	1.01284e-04	2.14598e-16	2.77890e-01	0.00000e+00	0.00000e+00	1.17232e+00
2.828483569289e+16	4.61001e+11	1.00000e+00	1.40820e-01	5.88763e+04	9.99883e-01	1.18165e-04	3.02000e-16	3.00830e-01	0.00000e+00	0.00000e+00	1.16923e+00
2.828529669350e+16	4.65042e+11	1.00000e+00	1.40820e-01	5.65676e+04	9.99862e-01	1.39037e-04	4.32602e-16	3.23934e-01	0.00000e+00	0.00000e+00	1.16753e+00
2.828576173586e+16	4.55769e+11	1.00000e+00	1.40820e-01	5.43528e+04	9.99837e-01	1.64260e-04	6.26160e-16	3.46432e-01	0.00000e+00	0.00000e+00	1.16445e+00
2.828621750443e+16	4.47394e+11	1.00000e+00	1.40820e-01	5.21581e+04	9.99805e-01	1.95986e-04	9.25185e-16	3.68341e-01	0.00000e+00	0.00000e+00	1.16285e+00
2.828666489815e+16	4.25294e+11	1.00000e+00	1.40820e-01	5.00535e+04	9.99766e-01	2.34939e-04	1.38219e-15	3.88938e-01	0.00000e+00	0.00000e+00	1.16063e+00
2.828709019176e+16	4.04593e+11	1.00000e+00	1.40820e-01	4.79895e+04	9.99717e-01	2.84193e-04	2.10638e-15	4.08272e-01	0.00000e+00	0.00000e+00	1.15850e+00
2.828749478497e+16	3.76285e+11	1.00000e+00	1.40820e-01	4.59873e+04	9.99654e-01	3.46349e-04	3.26260e-15	4.25978e-01	0.00000e+00	0.00000e+00	1.15649e+00
2.828787107031e+16	3.45704e+11	1.00000e+00	1.40820e-01	4.40508e+04	9.99576e-01	4.25120e-04	5.13259e-15	4.41967e-01	0.00000e+00	0.00000e+00	1.15461e+00
2.828821677466e+16	3.14554e+11	1.00000e+00	1.40820e-01	4.21830e+04	9.99475e-01	5.25272e-04	8.19145e-15	4.56249e-01	0.00000e+00	0.00000e+00	1.15283e+00
2.828853132822e+16	2.84172e+11	1.00000e+00	1.40820e-01	4.03862e+04	9.99348e-01	6.52881e-04	1.32430e-14	4.68910e-01	0.00000e+00	0.00000e+00	1.15117e+00
2.828881550004e+16	2.55481e+11	1.00000e+00	1.40820e-01	3.86614e+04	9.99185e-01	8.15541e-04	2.16639e-14	4.80074e-01	0.00000e+00	0.00000e+00	1.14832e+00
2.828907098070e+16	2.29066e+11	1.00000e+00	1.40820e-01	3.69865e+04	9.98975e-01	1.02543e-03	3.59150e-14	4.89918e-01	0.00000e+00	0.00000e+00	1.14670e+00
2.828930004698e+16	2.02344e+11	1.00000e+00	1.40820e-01	3.54063e+04	9.98712e-01	1.28855e-03	5.94866e-14	4.98496e-01	0.00000e+00	0.00000e+00	1.14518e+00
2.828950239093e+16	1.81344e+11	1.00000e+00	1.40820e-01	3.39011e+04	9.98381e-01	1.61938e-03	9.85776e-14	5.06115e-01	0.00000e+00	0.00000e+00	1.14531e+00
2.828968373509e+16	1.63376e+11	1.00000e+00	1.40820e-01	3.24932e+04	9.97975e-01	2.02557e-03	1.62203e-13	5.12928e-01	0.00000e+00	0.00000e+00	1.14395e+00
2.828984711107e+16	1.50821e+11	1.00000e+00	1.40820e-01	3.11318e+04	9.97468e-01	2.53238e-03	2.67680e-13	5.19183e-01	0.00000e+00	0.00000e+00	1.14078e+00
2.828999793166e+16	1.37961e+11	1.00000e+00	1.40820e-01	2.98173e+04	9.96847e-01	3.15417e-03	4.43281e-13	5.24898e-01	0.00000e+00	0.00000e+00	1.13929e+00
2.829013589221e+16	1.25170e+11	1.00000e+00	1.40820e-01	2.85950e+04	9.96114e-01	3.88630e-03	7.61423e-13	5.30097e-01	0.00000e+00	0.00000e+00	1.13965e+00
2.829026106236e+16	1.17133e+11	1.00000e+00	1.40820e-01	2.74584e+04	9.95258e-01	4.74298e-03	1.29875e-12	5.34974e-01	0.00000e+00	0.00000e+00	1.13807e+00
2.829037819519e+16	1.13193e+11	1.00000e+00	1.40820e-01	2.63585e+04	9.94242e-01	5.75877e-03	2.20889e-12	5.39694e-01	0.00000e+00	0.00000e+00	1.13444e+00
2.829049138804e+16	1.08507e+11	1.00000e+00	1.40820e-01	2.52974e+04	9.93065e-01	6.93552e-03	3.70162e-12	5.44237e-01	0.00000e+00	0.00000e+00	1.13256e+00
2.829059989507e+16	1.03471e+11	1.00000e+00	1.40820e-01	2.43119e+04	9.91746e-01	8.25448e-03	6.04558e-12	5.48586e-01	0.00000e+00	0.00000e+00	1.13057e+00
2.829070336566e+16	1.02102e+11	1.00000e+00	1.40820e-01	2.33763e+04	9.90248e-01	9.75236e-03	9.74875e-12	5.52892e-01	0.00000e+00	0.00000e+00	1.12838e+00
2.829080546746e+16	1.02039e+11	1.00000e+00	1.40820e-01	2.24868e+04	9.88555e-01	1.14461e-02	1.55256e-11	5.57212e-01	0.00000e+00	0.00000e+00	1.12774e+00
2.829090750663e+16	1.03189e+11	1.00000e+00	1.40820e-01	2.16555e+04	9.86656e-01	1.33446e-02	2.44074e-11	5.61582e-01	0.00000e+00	0.00000e+00	1.12506e+00
2.829101069587e+16	1.07525e+11	1.00000e+00	1.40820e-01	2.08473e+04	9.84492e-01	1.55092e-02	3.83123e-11	5.66123e-01	0.00000e+00	0.00000e+00	1.12036e+00
2.829111822048e+16	1.10948e+11	1.00000e+00	1.40820e-01	2.00648e+04	9.82066e-01	1.79352e-02	5.95697e-11	5.70801e-01	0.00000e+00	0.00000e+00	1.11878e+00
2.829122916841e+16	1.13784e+11	1.00000e+00	1.40820e-01	1.93453e+04	9.79410e-01	2.05914e-02	9.10392e-11	5.75564e-01	0.00000e+00	0.00000e+00	1.11358e+00
2.829134295227e+16	1.22379e+11	1.00000e+00	1.40820e-01	1.86331e+04	9.76375e-01	2.36257e-02	1.39646e-10	5.80641e-01	0.00000e+00	0.00000e+00	1.10958e+00
2.829146533082e+16	1.28075e+11	1.00000e+00	1.40820e-01	1.79656e+04	9.73034e-01	2.69667e-02	2.11399e-10	5.85888e-01	0.00000e+00	0.00000e+00	1.10523e+00
2.829159340627e+16	1.37889e+11	1.00000e+00	1.40820e-01	1.73276e+04	9.69272e-01	3.07287e-02	3.19064e-10	5.91450e-01	0.00000e+00	0.00000e+00	1.10194e+00
2.829173129526e+16	1.49800e+11	1.00000e+00	1.40820e-01	1.67270e+04	9.65040e-01	3.49604e-02	4.79878e-10	5.97347e-01	0.00000e+00	0.00000e+00	1.09490e+00
2.829188109478e+16	1.66864e+11	1.00000e+00	1.40820e-01	1.61318e+04	9.60173e-01	3.98282e-02	7.26420e-10	6.03727e-01	0.00000e+00	0.00000e+00	1.08865e+00
2.829204795911e+16	1.80897e+11	1.00000e+00	1.40820e-01	1.55722e+04	9.54754e-01	4.52469e-02	1.08996e-09	6.10393e-01	0.00000e+00	0.00000e+00	1.08176e+00
2.829222885645e+16	2.01364e+11	1.00000e+00	1.40820e-01	1.50363e+04	9.48590e-01	5.14113e-02	1.63626e-09	6.17477e-01	0.00000e+00	0.00000e+00	1.07394e+00
2.829243022088e+16	2.25985e+11	1.00000e+00	1.40820e-01	1.45225e+04	9.41551e-01	5.84500e-02	2.45918e-09	6.24976e-01	0.00000e+00	0.00000e+00	1.06506e+00
2.829265620612e+16	2.55532e+11	1.00000e+00	1.40820e-01	1.40301e+04	9.33488e-01	6.65124e-02	3.70192e-09	6.32856e-01	0.00000e+00	0.00000e+00	1.05493e+00
2.829291173810e+16	2.91197e+11	1.00000e+00	1.40820e-01	1.35578e+04	9.24204e-01	7.57965e-02	5.55918e-09	6.41058e-01	0.00000e+00	0.00000e+00	1.04548e+00
2.829320293490e+16	3.34394e+11	1.00000e+00	1.40820e-01	1.31150e+04	9.13532e-01	8.64686e-02	8.33744e-09	6.49412e-01	0.00000e+00	0.00000e+00	1.03005e+00
2.829353732912e+16	3.96140e+11	1.00000e+00	1.40820e-01	1.26698e+04	9.00876e-01	9.91250e-02	1.26838e-08	6.57909e-01	0.00000e+00	0.00000e+00	1.01704e+00
2.829393346890e+16	4.50962e+11	1.00000e+00	1.40820e-01	1.22650e+04	8.86579e-01	1.13422e-01	1.91073e-08	6.65829e-01	0.00000e+00	0.00000e+00	9.99747e-01
2.829438443099e+16	5.46593e+11	1.00000e+00	1.40820e-01	1.18657e+04	8.69502e-01	1.30499e-01	2.92386e-08	6.73071e-01	0.00000e+00	0.00000e+00	9.79305e-01
2.829493102385e+16	6.49683e+11	1.00000e+00	1.40820e-01	1.14840e+04	8.49660e-01	1.50340e-01	4.48681e-08	6.78733e-01	0.00000e+00	0.00000e+00	9.55696e-01
2.829558070652e+16	7.81864e+11	1.00000e+00	1.40820e-01	1.11194e+04	8.26644e-01	1.73357e-01	6.90029e-08	6.81931e-01	0.00000e+00	0.00000e+00	9.24261e-01
2.829636257075e+16	9.53663e+11	1.00000e+00	1.40820e-01	1.07538e+04	7.99767e-01	2.00234e-01	1.07207e-07	6.81550e-01	0.00000e+00	0.00000e+00	8.92209e-01
2.829731623396e+16	1.12214e+12	1.00000e+00	1.40820e-01	1.04192e+04	7.69840e-01	2.30161e-01	1.64533e-07	6.76605e-01	0.00000e+00	0.00000e+00	8.56935e-01
2.829843836965e+16	1.39754e+12	1.00000e+00	1.40820e-01	1.01001e+04	7.35153e-01	2.64847e-01	2.54484e-07	6.65611e-01	0.00000e+00	0.00000e+00	8.16266e-01
2.829983591247e+16	1.76963e+12	1.00000e+00	1.40820e-01	9.79492e+03	6.95105e-01	3.04896e-01	3.99777e-07	6.46986e-01	0.00000e+00	0.00000e+00	7.69706e-01
2.830160554519e+16	1.76963e+12	1.00000e+00	1.40820e-01	9.55167e+03	6.58539e-01	3.41461e-01	5.81372e-07	6.25732e-01	0.00000e+00	0.00000e+00	7.28274e-01
