#elapsed time	time step 	scale cont	scalingDen	<T>	<H+/H rad>	<H0/H rad>	<2*H2/H rad>	<He+/He rad>	<CO/H>	<redshift>	<ne/nH>
0.000000000000e+00	0.00000e+00	1.00000e+00	1.42967e-01	1.00000e+08	1.00000e+00	1.99759e-09	1.21174e-25	1.04408e-07	0.00000e+00	0.00000e+00	1.21262e+00
0.000000000000e+00	0.00000e+00	1.00000e+00	1.42941e-01	1.00000e+08	1.00000e+00	1.99759e-09	1.21239e-25	1.04408e-07	0.00000e+00	0.00000e+00	1.21223e+00
0.000000000000e+00	0.00000e+00	1.00000e+00	1.42948e-01	1.00000e+08	1.00000e+00	1.99759e-09	1.21242e-25	1.04408e-07	0.00000e+00	0.00000e+00	1.21214e+00
1.388123350860e+12	2.77625e+12	1.00000e+00	1.42973e-01	9.99990e+07	1.00000e+00	1.99761e-09	1.21227e-25	1.04409e-07	0.00000e+00	0.00000e+00	1.21212e+00
4.164370052581e+12	5.55249e+12	1.00000e+00	1.43031e-01	1.00026e+08	1.00000e+00	1.99705e-09	1.21139e-25	1.04378e-07	0.00000e+00	0.00000e+00	1.21196e+00
9.716863456022e+12	1.11050e+13	1.00000e+00	1.43119e-01	1.00004e+08	1.00000e+00	1.99751e-09	1.21122e-25	1.04403e-07	0.00000e+00	0.00000e+00	1.21194e+00
2.082185026290e+13	2.22100e+13	1.00000e+00	1.43233e-01	9.99103e+07	1.00000e+00	1.99947e-09	1.21245e-25	1.04512e-07	0.00000e+00	0.00000e+00	1.21196e+00
4.303182387667e+13	4.44199e+13	1.00000e+00	1.43534e-01	9.97543e+07	1.00000e+00	2.00274e-09	1.21380e-25	1.04695e-07	0.00000e+00	0.00000e+00	1.21186e+00
8.745177110420e+13	8.88399e+13	1.00000e+00	1.44167e-01	9.93890e+07	1.00000e+00	2.01045e-09	1.21703e-25	1.05124e-07	0.00000e+00	0.00000e+00	1.21213e+00
1.762916655593e+14	1.77680e+14	1.00000e+00	1.45265e-01	9.85915e+07	9.99999e-01	2.02747e-09	1.22714e-25	1.06073e-07	0.00000e+00	0.00000e+00	1.21213e+00
3.539714544694e+14	3.55360e+14	1.00000e+00	1.47504e-01	9.70229e+07	1.00000e+00	2.06179e-09	1.24759e-25	1.07987e-07	0.00000e+00	0.00000e+00	1.21188e+00
7.093310322896e+14	7.10719e+14	1.00000e+00	1.52506e-01	9.38115e+07	1.00000e+00	2.13568e-09	1.28930e-25	1.12112e-07	0.00000e+00	0.00000e+00	1.21195e+00
1.420050187930e+15	8.30476e+14	1.00000e+00	1.59018e-01	8.99792e+07	1.00000e+00	2.23083e-09	1.34222e-25	1.17437e-07	0.00000e+00	0.00000e+00	1.21191e+00
2.250526566626e+15	7.79950e+14	1.00000e+00	1.65821e-01	8.62848e+07	1.00000e+00	2.33065e-09	1.39749e-25	1.23036e-07	0.00000e+00	0.00000e+00	1.21191e+00
3.030476170444e+15	7.28639e+14	1.00000e+00	1.72904e-01	8.27466e+07	1.00000e+00	2.43471e-09	1.45470e-25	1.28886e-07	0.00000e+00	0.00000e+00	1.21192e+00
3.759114709080e+15	6.81633e+14	1.00000e+00	1.80291e-01	7.93540e+07	1.00000e+00	2.54329e-09	1.51396e-25	1.35003e-07	0.00000e+00	0.00000e+00	1.21192e+00
4.440747400114e+15	6.37745e+14	1.00000e+00	1.87994e-01	7.60999e+07	1.00000e+00	2.65662e-09	1.57538e-25	1.41404e-07	0.00000e+00	0.00000e+00	1.21192e+00
5.078492060937e+15	5.96555e+14	1.00000e+00	1.96027e-01	7.29771e+07	1.00000e+00	2.77497e-09	1.63909e-25	1.48103e-07	0.00000e+00	0.00000e+00	1.21193e+00
5.675046689452e+15	5.57652e+14	1.00000e+00	2.04403e-01	6.99842e+07	1.00000e+00	2.89840e-09	1.70504e-25	1.55105e-07	0.00000e+00	0.00000e+00	1.21193e+00
6.232698357256e+15	5.21579e+14	1.00000e+00	2.13140e-01	6.71114e+07	1.00000e+00	3.02731e-09	1.77342e-25	1.62435e-07	0.00000e+00	0.00000e+00	1.21194e+00
6.754277101885e+15	4.87396e+14	1.00000e+00	2.22244e-01	6.43573e+07	1.00000e+00	3.16179e-09	1.84435e-25	1.70099e-07	0.00000e+00	0.00000e+00	1.21192e+00
7.241672731780e+15	4.55575e+14	1.00000e+00	2.31729e-01	6.17074e+07	9.99999e-01	3.30260e-09	1.91824e-25	1.78142e-07	0.00000e+00	0.00000e+00	1.21195e+00
7.697247388803e+15	4.24355e+14	1.00000e+00	2.41654e-01	5.91940e+07	1.00000e+00	3.44788e-09	1.99294e-25	1.86459e-07	0.00000e+00	0.00000e+00	1.21192e+00
8.121602526438e+15	3.99762e+14	1.00000e+00	2.52033e-01	5.67493e+07	1.00000e+00	3.60161e-09	2.07219e-25	1.95281e-07	0.00000e+00	0.00000e+00	1.21194e+00
8.521364375189e+15	3.71189e+14	1.00000e+00	2.62814e-01	5.44222e+07	1.00000e+00	3.76087e-09	2.15346e-25	2.04440e-07	0.00000e+00	0.00000e+00	1.21193e+00
8.892553482678e+15	3.47234e+14	1.00000e+00	2.74075e-01	5.21843e+07	1.00000e+00	3.92749e-09	2.23794e-25	2.14045e-07	0.00000e+00	0.00000e+00	1.21193e+00
9.239787182557e+15	3.23879e+14	1.00000e+00	2.85813e-01	5.00387e+07	1.00000e+00	4.10131e-09	2.32540e-25	2.24088e-07	0.00000e+00	0.00000e+00	1.21194e+00
9.563666178577e+15	3.02127e+14	1.00000e+00	2.98056e-01	4.79798e+07	1.00000e+00	4.28278e-09	2.41606e-25	2.34598e-07	0.00000e+00	0.00000e+00	1.21195e+00
9.865793560323e+15	2.81634e+14	1.00000e+00	3.10735e-01	4.59859e+07	1.00000e+00	4.47408e-09	2.51251e-25	2.45703e-07	0.00000e+00	0.00000e+00	1.21201e+00
1.014742710070e+16	2.59805e+14	1.00000e+00	3.23966e-01	4.41095e+07	1.00000e+00	4.66993e-09	2.60865e-25	2.57101e-07	0.00000e+00	0.00000e+00	1.21200e+00
1.040723172147e+16	2.44300e+14	1.00000e+00	3.37834e-01	4.22820e+07	1.00000e+00	4.87744e-09	2.71077e-25	2.69206e-07	0.00000e+00	0.00000e+00	1.21204e+00
1.065153167342e+16	2.26093e+14	1.00000e+00	3.52294e-01	4.05479e+07	1.00000e+00	5.09171e-09	2.81433e-25	2.81736e-07	0.00000e+00	0.00000e+00	1.21204e+00
1.087762505406e+16	2.11457e+14	1.00000e+00	3.67409e-01	3.88688e+07	1.00000e+00	5.31740e-09	2.92338e-25	2.94968e-07	0.00000e+00	0.00000e+00	1.21207e+00
1.108908176574e+16	1.95807e+14	1.00000e+00	3.83126e-01	3.72629e+07	1.00000e+00	5.55234e-09	3.03607e-25	3.08776e-07	0.00000e+00	0.00000e+00	1.21210e+00
1.128488853478e+16	1.81734e+14	1.00000e+00	3.99496e-01	3.57378e+07	9.99999e-01	5.79502e-09	3.15049e-25	3.23077e-07	0.00000e+00	0.00000e+00	1.21213e+00
1.146662282782e+16	1.70348e+14	1.00000e+00	4.16583e-01	3.42846e+07	1.00000e+00	6.04638e-09	3.26723e-25	3.37928e-07	0.00000e+00	0.00000e+00	1.21211e+00
1.163697061764e+16	1.60753e+14	1.00000e+00	4.35206e-01	3.28742e+07	1.00000e+00	6.31157e-09	3.38567e-25	3.53639e-07	0.00000e+00	0.00000e+00	1.21185e+00
1.179772330632e+16	1.49881e+14	1.00000e+00	4.54365e-01	3.14869e+07	1.00000e+00	6.59562e-09	3.51657e-25	3.70514e-07	0.00000e+00	0.00000e+00	1.21185e+00
1.194760384861e+16	1.36070e+14	1.00000e+00	4.73988e-01	3.01813e+07	1.00000e+00	6.88683e-09	3.64980e-25	3.87863e-07	0.00000e+00	0.00000e+00	1.21186e+00
1.208367379954e+16	1.25819e+14	1.00000e+00	4.94484e-01	2.89285e+07	1.00000e+00	7.19097e-09	3.78783e-25	4.06035e-07	0.00000e+00	0.00000e+00	1.21186e+00
1.220949303582e+16	1.16215e+14	1.00000e+00	5.15898e-01	2.77259e+07	1.00000e+00	7.50880e-09	3.93090e-25	4.25082e-07	0.00000e+00	0.00000e+00	1.21187e+00
1.232570761614e+16	1.07170e+14	1.00000e+00	5.38266e-01	2.65754e+07	1.00000e+00	7.83974e-09	4.07828e-25	4.44977e-07	0.00000e+00	0.00000e+00	1.21184e+00
1.243287780096e+16	9.90180e+13	1.00000e+00	5.61691e-01	2.54640e+07	1.00000e+00	8.18780e-09	4.23263e-25	4.65967e-07	0.00000e+00	0.00000e+00	1.21186e+00
1.253189575218e+16	9.07510e+13	1.00000e+00	5.86137e-01	2.44001e+07	9.99999e-01	8.55067e-09	4.39211e-25	4.87924e-07	0.00000e+00	0.00000e+00	1.21186e+00
1.262264671258e+16	8.32485e+13	1.00000e+00	6.11719e-01	2.33777e+07	1.00000e+00	8.93047e-09	4.55771e-25	5.10982e-07	0.00000e+00	0.00000e+00	1.21187e+00
1.270589520436e+16	7.61422e+13	1.00000e+00	6.38467e-01	2.23945e+07	1.00000e+00	9.32837e-09	4.73011e-25	5.35225e-07	0.00000e+00	0.00000e+00	1.21189e+00
1.278203735599e+16	6.93752e+13	1.00000e+00	6.66472e-01	2.14536e+07	1.00000e+00	9.74327e-09	4.90781e-25	5.60597e-07	0.00000e+00	0.00000e+00	1.21186e+00
1.285141253417e+16	6.32707e+13	1.00000e+00	6.95828e-01	2.05456e+07	1.00000e+00	1.01797e-08	5.09379e-25	5.87382e-07	0.00000e+00	0.00000e+00	1.21187e+00
1.291468325615e+16	5.72664e+13	1.00000e+00	7.26525e-01	1.96712e+07	1.00000e+00	1.06379e-08	5.28795e-25	6.15621e-07	0.00000e+00	0.00000e+00	1.21196e+00
1.297194962750e+16	5.15350e+13	1.00000e+00	7.58609e-01	1.88383e+07	1.00000e+00	1.11139e-08	5.48754e-25	6.45077e-07	0.00000e+00	0.00000e+00	1.21189e+00
1.302348462432e+16	4.66214e+13	1.00000e+00	7.92362e-01	1.80311e+07	9.99999e-01	1.16172e-08	5.69754e-25	6.76352e-07	0.00000e+00	0.00000e+00	1.21191e+00
1.307010600340e+16	4.16544e+13	1.00000e+00	8.27648e-01	1.72564e+07	1.00000e+00	1.21446e-08	5.91626e-25	7.09260e-07	0.00000e+00	0.00000e+00	1.21194e+00
1.311176043290e+16	3.71149e+13	1.00000e+00	8.64654e-01	1.65139e+07	1.00000e+00	1.26963e-08	6.14288e-25	7.43851e-07	0.00000e+00	0.00000e+00	1.21194e+00
1.314887532118e+16	3.30220e+13	1.00000e+00	9.03508e-01	1.57989e+07	1.00000e+00	1.32768e-08	6.37981e-25	7.80418e-07	0.00000e+00	0.00000e+00	1.21196e+00
1.318189728856e+16	2.91830e+13	1.00000e+00	9.44220e-01	1.51204e+07	1.00000e+00	1.38783e-08	6.62023e-25	8.18497e-07	0.00000e+00	0.00000e+00	1.21198e+00
1.321108030333e+16	2.60166e+13	1.00000e+00	9.87096e-01	1.44601e+07	1.00000e+00	1.45180e-08	6.87687e-25	8.59203e-07	0.00000e+00	0.00000e+00	1.21198e+00
1.323709688613e+16	2.27898e+13	1.00000e+00	1.03182e+00	1.38430e+07	9.99999e-01	1.51711e-08	7.13054e-25	9.00987e-07	0.00000e+00	0.00000e+00	1.21195e+00
1.325988663630e+16	2.04477e+13	1.00000e+00	1.07958e+00	1.32240e+07	1.00000e+00	1.58875e-08	7.41582e-25	9.47082e-07	0.00000e+00	0.00000e+00	1.21187e+00
1.328033432702e+16	1.74738e+13	1.00000e+00	1.12842e+00	1.26522e+07	1.00000e+00	1.66118e-08	7.69772e-25	9.93954e-07	0.00000e+00	0.00000e+00	1.21185e+00
1.329780807945e+16	1.54659e+13	1.00000e+00	1.17953e+00	1.21045e+07	1.00000e+00	1.73699e-08	7.99062e-25	1.04332e-06	0.00000e+00	0.00000e+00	1.21183e+00
1.331327395762e+16	1.36710e+13	1.00000e+00	1.23209e+00	1.15833e+07	1.00000e+00	1.81581e-08	8.29608e-25	1.09496e-06	0.00000e+00	0.00000e+00	1.21188e+00
1.332694497747e+16	1.21535e+13	1.00000e+00	1.28723e+00	1.10891e+07	1.00000e+00	1.89743e-08	8.60566e-25	1.14879e-06	0.00000e+00	0.00000e+00	1.21188e+00
1.333909847222e+16	1.09087e+13	1.00000e+00	1.34494e+00	1.06169e+07	1.00000e+00	1.98256e-08	8.92522e-25	1.20530e-06	0.00000e+00	0.00000e+00	1.21183e+00
1.335000718487e+16	9.81011e+12	1.00000e+00	1.40500e+00	1.01608e+07	1.00000e+00	2.07234e-08	9.26474e-25	1.26531e-06	0.00000e+00	0.00000e+00	1.21181e+00
1.335981729008e+16	8.74211e+12	1.00000e+00	1.46732e+00	9.73644e+06	1.00000e+00	2.16350e-08	9.59920e-25	1.32667e-06	0.00000e+00	0.00000e+00	1.21171e+00
1.336855939728e+16	8.02339e+12	1.00000e+00	1.53294e+00	9.32854e+06	1.00000e+00	2.25902e-08	9.94569e-25	1.39142e-06	0.00000e+00	0.00000e+00	1.21154e+00
1.337658279198e+16	7.33984e+12	1.00000e+00	1.60119e+00	8.93395e+06	1.00000e+00	2.35981e-08	1.03136e-24	1.46026e-06	0.00000e+00	0.00000e+00	1.21151e+00
1.338392263203e+16	6.64726e+12	1.00000e+00	1.67103e+00	8.55308e+06	1.00000e+00	2.46603e-08	1.07106e-24	1.53338e-06	0.00000e+00	0.00000e+00	1.21160e+00
1.339056989215e+16	5.97105e+12	1.00000e+00	1.74442e+00	8.20660e+06	1.00000e+00	2.57133e-08	1.10784e-24	1.60646e-06	0.00000e+00	0.00000e+00	1.21140e+00
1.339654093828e+16	5.65702e+12	1.00000e+00	1.82221e+00	7.85838e+06	1.00000e+00	2.68667e-08	1.14929e-24	1.68715e-06	0.00000e+00	0.00000e+00	1.21136e+00
1.340219795490e+16	5.10652e+12	1.00000e+00	1.90195e+00	7.52518e+06	1.00000e+00	2.80719e-08	1.19306e-24	1.77221e-06	0.00000e+00	0.00000e+00	1.21150e+00
1.340730447874e+16	4.61318e+12	1.00000e+00	1.98422e+00	7.21635e+06	9.99999e-01	2.92902e-08	1.23632e-24	1.85896e-06	0.00000e+00	0.00000e+00	1.21134e+00
1.341191766013e+16	4.31177e+12	1.00000e+00	2.07120e+00	6.91360e+06	1.00000e+00	3.05923e-08	1.28267e-24	1.95252e-06	0.00000e+00	0.00000e+00	1.21131e+00
1.341622942648e+16	3.93864e+12	1.00000e+00	2.16149e+00	6.62483e+06	1.00000e+00	3.19478e-08	1.33074e-24	2.05084e-06	0.00000e+00	0.00000e+00	1.21130e+00
1.342016807027e+16	3.61427e+12	1.00000e+00	2.25573e+00	6.34811e+06	1.00000e+00	3.33653e-08	1.38079e-24	2.15466e-06	0.00000e+00	0.00000e+00	1.21128e+00
1.342378233727e+16	3.31661e+12	1.00000e+00	2.35418e+00	6.08274e+06	1.00000e+00	3.48491e-08	1.43297e-24	2.26442e-06	0.00000e+00	0.00000e+00	1.21126e+00
1.342709894234e+16	3.04090e+12	1.00000e+00	2.45705e+00	5.82819e+06	1.00000e+00	3.64032e-08	1.48742e-24	2.38058e-06	0.00000e+00	0.00000e+00	1.21123e+00
1.343013984224e+16	2.78490e+12	1.00000e+00	2.56448e+00	5.58395e+06	1.00000e+00	3.80318e-08	1.54434e-24	2.50360e-06	0.00000e+00	0.00000e+00	1.21122e+00
1.343292473749e+16	2.54683e+12	1.00000e+00	2.67671e+00	5.34991e+06	9.99999e-01	3.97367e-08	1.60370e-24	2.63377e-06	0.00000e+00	0.00000e+00	1.21119e+00
1.343547157208e+16	2.32870e+12	1.00000e+00	2.79415e+00	5.12536e+06	1.00000e+00	4.15245e-08	1.66571e-24	2.77180e-06	0.00000e+00	0.00000e+00	1.21116e+00
1.343780026900e+16	2.12612e+12	1.00000e+00	2.91703e+00	4.90956e+06	1.00000e+00	4.34030e-08	1.73077e-24	2.91853e-06	0.00000e+00	0.00000e+00	1.21113e+00
1.343992639280e+16	1.93479e+12	1.00000e+00	3.04560e+00	4.70241e+06	1.00000e+00	4.53754e-08	1.79895e-24	3.07445e-06	0.00000e+00	0.00000e+00	1.21110e+00
1.344186118767e+16	1.75688e+12	1.00000e+00	3.18021e+00	4.50344e+06	1.00000e+00	4.74490e-08	1.87052e-24	3.24039e-06	0.00000e+00	0.00000e+00	1.21107e+00
1.344361806850e+16	1.59057e+12	1.00000e+00	3.32123e+00	4.31246e+06	1.00000e+00	4.96282e-08	1.94557e-24	3.41701e-06	0.00000e+00	0.00000e+00	1.21103e+00
1.344520863509e+16	1.43668e+12	1.00000e+00	3.46906e+00	4.12645e+06	1.00000e+00	5.19552e-08	2.02650e-24	3.60811e-06	0.00000e+00	0.00000e+00	1.21116e+00
1.344664531346e+16	1.27480e+12	1.00000e+00	3.62287e+00	3.95145e+06	1.00000e+00	5.43561e-08	2.10914e-24	3.80796e-06	0.00000e+00	0.00000e+00	1.21112e+00
1.344792011049e+16	1.15137e+12	1.00000e+00	3.78515e+00	3.78203e+06	1.00000e+00	5.69050e-08	2.19698e-24	4.02306e-06	0.00000e+00	0.00000e+00	1.21107e+00
1.344907148074e+16	1.02815e+12	1.00000e+00	3.95537e+00	3.61952e+06	1.00000e+00	5.95893e-08	2.28938e-24	4.25283e-06	0.00000e+00	0.00000e+00	1.21102e+00
1.345009963306e+16	9.15939e+11	1.00000e+00	4.13409e+00	3.46338e+06	1.00000e+00	6.24221e-08	2.38692e-24	4.49889e-06	0.00000e+00	0.00000e+00	1.21095e+00
1.345101557246e+16	8.12672e+11	1.00000e+00	4.32356e+00	3.31340e+06	1.00000e+00	6.54132e-08	2.48856e-24	4.76264e-06	0.00000e+00	0.00000e+00	1.21105e+00
1.345182824403e+16	7.18158e+11	1.00000e+00	4.51888e+00	3.16855e+06	1.00000e+00	6.85923e-08	2.60028e-24	5.04733e-06	0.00000e+00	0.00000e+00	1.21083e+00
1.345254640245e+16	6.28374e+11	1.00000e+00	4.72415e+00	3.03070e+06	9.99999e-01	7.19231e-08	2.71602e-24	5.35031e-06	0.00000e+00	0.00000e+00	1.21077e+00
1.345317477683e+16	5.52618e+11	1.00000e+00	4.94027e+00	2.89923e+06	1.00000e+00	7.54214e-08	2.83715e-24	5.67371e-06	0.00000e+00	0.00000e+00	1.21055e+00
1.345372739523e+16	4.87447e+11	1.00000e+00	5.16882e+00	2.77074e+06	9.99999e-01	7.91911e-08	2.96911e-24	6.02811e-06	0.00000e+00	0.00000e+00	1.21048e+00
1.345421484224e+16	4.20443e+11	1.00000e+00	5.40768e+00	2.64830e+06	1.00000e+00	8.31576e-08	3.10832e-24	6.40751e-06	0.00000e+00	0.00000e+00	1.21039e+00
1.345463528562e+16	3.63767e+11	1.00000e+00	5.65923e+00	2.53051e+06	1.00000e+00	8.73737e-08	3.25701e-24	6.81802e-06	0.00000e+00	0.00000e+00	1.21029e+00
1.345499905298e+16	3.12603e+11	1.00000e+00	5.92406e+00	2.41731e+06	1.00000e+00	9.18560e-08	3.41595e-24	7.26252e-06	0.00000e+00	0.00000e+00	1.21020e+00
1.345531165575e+16	2.67006e+11	1.00000e+00	6.21132e+00	2.30623e+06	1.00000e+00	9.67318e-08	3.58768e-24	7.75536e-06	0.00000e+00	0.00000e+00	1.21038e+00
1.345557866205e+16	2.21749e+11	1.00000e+00	6.50634e+00	2.20172e+06	1.00000e+00	1.01824e-07	3.77025e-24	8.28030e-06	0.00000e+00	0.00000e+00	1.21027e+00
1.345580041084e+16	1.86858e+11	1.00000e+00	6.80751e+00	2.10323e+06	1.00000e+00	1.07147e-07	3.96547e-24	8.83995e-06	0.00000e+00	0.00000e+00	1.20993e+00
1.345598726911e+16	1.59611e+11	1.00000e+00	7.13187e+00	2.00766e+06	1.00000e+00	1.12878e-07	4.17418e-24	9.45503e-06	0.00000e+00	0.00000e+00	1.20982e+00
1.345614687994e+16	1.34120e+11	1.00000e+00	7.47220e+00	1.91635e+06	1.00000e+00	1.18965e-07	4.39761e-24	1.01221e-05	0.00000e+00	0.00000e+00	1.20970e+00
1.345628100024e+16	1.12595e+11	1.00000e+00	7.82602e+00	1.82969e+06	1.00000e+00	1.25388e-07	4.63582e-24	1.08413e-05	0.00000e+00	0.00000e+00	1.20961e+00
1.345639359485e+16	9.50906e+10	1.00000e+00	8.19212e+00	1.74781e+06	1.00000e+00	1.32133e-07	4.88860e-24	1.16133e-05	0.00000e+00	0.00000e+00	1.20954e+00
1.345648868549e+16	8.11928e+10	1.00000e+00	8.57086e+00	1.67072e+06	1.00000e+00	1.39185e-07	5.15500e-24	1.24383e-05	0.00000e+00	0.00000e+00	1.20945e+00
1.345656987824e+16	7.03878e+10	1.00000e+00	8.96382e+00	1.59794e+06	1.00000e+00	1.46575e-07	5.43638e-24	1.33224e-05	0.00000e+00	0.00000e+00	1.20932e+00
1.345664026607e+16	6.18162e+10	1.00000e+00	9.37158e+00	1.52874e+06	1.00000e+00	1.54371e-07	5.73689e-24	1.42764e-05	0.00000e+00	0.00000e+00	1.20920e+00
1.345670208222e+16	5.46242e+10	1.00000e+00	9.79449e+00	1.46326e+06	1.00000e+00	1.62553e-07	6.05553e-24	1.53010e-05	0.00000e+00	0.00000e+00	1.20905e+00
1.345675670643e+16	4.88247e+10	1.00000e+00	1.02336e+01	1.40041e+06	1.00000e+00	1.71264e-07	6.40091e-24	1.64179e-05	0.00000e+00	0.00000e+00	1.20900e+00
1.345680553110e+16	4.35204e+10	1.00000e+00	1.06877e+01	1.34072e+06	1.00000e+00	1.80447e-07	6.77066e-24	1.76240e-05	0.00000e+00	0.00000e+00	1.20896e+00
1.345684905149e+16	3.90982e+10	1.00000e+00	1.11616e+01	1.28412e+06	1.00000e+00	1.90108e-07	7.16278e-24	1.89242e-05	0.00000e+00	0.00000e+00	1.20886e+00
1.345688814966e+16	3.54826e+10	1.00000e+00	1.16572e+01	1.22969e+06	1.00000e+00	2.00419e-07	7.58823e-24	2.03471e-05	0.00000e+00	0.00000e+00	1.20878e+00
1.345692363225e+16	3.20654e+10	1.00000e+00	1.21728e+01	1.17766e+06	1.00000e+00	2.11367e-07	8.04746e-24	2.18974e-05	0.00000e+00	0.00000e+00	1.20873e+00
1.345695569765e+16	2.90299e+10	1.00000e+00	1.27098e+01	1.12791e+06	1.00000e+00	2.23001e-07	8.54389e-24	2.35887e-05	0.00000e+00	0.00000e+00	1.20866e+00
1.345698472760e+16	2.63256e+10	1.00000e+00	1.32697e+01	1.08033e+06	1.00000e+00	2.35372e-07	9.08076e-24	2.54366e-05	0.00000e+00	0.00000e+00	1.20860e+00
1.345701105315e+16	2.39085e+10	1.00000e+00	1.38536e+01	1.03481e+06	1.00000e+00	2.48538e-07	9.66235e-24	2.74587e-05	0.00000e+00	0.00000e+00	1.20854e+00
1.345703496168e+16	2.17406e+10	1.00000e+00	1.44624e+01	9.91259e+05	1.00000e+00	2.62557e-07	1.02931e-23	2.96742e-05	0.00000e+00	0.00000e+00	1.20847e+00
1.345705670224e+16	1.97950e+10	1.00000e+00	1.50969e+01	9.49610e+05	1.00000e+00	2.77485e-07	1.09776e-23	3.21037e-05	0.00000e+00	0.00000e+00	1.20841e+00
1.345707649723e+16	1.80532e+10	1.00000e+00	1.57586e+01	9.09762e+05	1.00000e+00	2.93400e-07	1.17222e-23	3.47732e-05	0.00000e+00	0.00000e+00	1.20835e+00
1.345709455041e+16	1.64866e+10	1.00000e+00	1.64487e+01	8.71618e+05	1.00000e+00	3.10387e-07	1.25337e-23	3.77122e-05	0.00000e+00	0.00000e+00	1.20829e+00
1.345711103703e+16	1.50694e+10	1.00000e+00	1.71692e+01	8.35068e+05	1.00000e+00	3.28548e-07	1.34203e-23	4.09565e-05	0.00000e+00	0.00000e+00	1.20824e+00
1.345712610643e+16	1.37718e+10	1.00000e+00	1.79225e+01	8.00008e+05	1.00000e+00	3.48005e-07	1.43919e-23	4.45484e-05	0.00000e+00	0.00000e+00	1.20818e+00
1.345713987827e+16	1.25699e+10	1.00000e+00	1.87115e+01	7.66304e+05	1.00000e+00	3.68914e-07	1.54611e-23	4.85421e-05	0.00000e+00	0.00000e+00	1.20812e+00
1.345715244816e+16	1.14319e+10	1.00000e+00	1.95383e+01	7.33911e+05	1.00000e+00	3.91406e-07	1.66401e-23	5.29925e-05	0.00000e+00	0.00000e+00	1.20806e+00
1.345716388003e+16	1.03602e+10	1.00000e+00	2.04057e+01	7.02741e+05	9.99999e-01	4.15663e-07	1.79448e-23	5.79701e-05	0.00000e+00	0.00000e+00	1.20801e+00
1.345717424020e+16	9.34306e+09	1.00000e+00	2.13162e+01	6.72753e+05	9.99999e-01	4.41853e-07	1.93922e-23	6.35523e-05	1.40130e-45	0.00000e+00	1.20795e+00
1.345718358325e+16	8.38397e+09	1.00000e+00	2.22717e+01	6.43908e+05	1.00000e+00	4.70167e-07	2.10017e-23	6.98291e-05	7.00649e-45	0.00000e+00	1.20789e+00
1.345719196722e+16	7.48615e+09	1.00000e+00	2.32735e+01	6.16206e+05	1.00000e+00	5.00769e-07	2.27935e-23	7.68961e-05	1.82169e-44	0.00000e+00	1.20784e+00
1.345719945337e+16	6.66094e+09	1.00000e+00	2.43223e+01	5.89644e+05	9.99999e-01	5.33835e-07	2.47901e-23	8.48624e-05	4.90454e-44	0.00000e+00	1.20779e+00
1.345720611431e+16	5.91462e+09	1.00000e+00	2.54188e+01	5.64219e+05	9.99999e-01	5.69539e-07	2.70160e-23	9.38501e-05	1.38729e-43	0.00000e+00	1.20773e+00
1.345721202893e+16	5.25018e+09	1.00000e+00	2.65635e+01	5.39912e+05	9.99999e-01	6.08065e-07	2.94987e-23	1.04002e-04	3.88160e-43	0.00000e+00	1.20768e+00
1.345721727910e+16	4.66466e+09	1.00000e+00	2.77581e+01	5.16686e+05	9.99999e-01	6.49665e-07	3.22735e-23	1.15490e-04	1.10983e-42	0.00000e+00	1.20762e+00
1.345722194376e+16	4.15078e+09	1.00000e+00	2.90044e+01	4.94493e+05	9.99999e-01	6.94622e-07	3.53814e-23	1.28523e-04	3.24120e-42	0.00000e+00	1.20757e+00
1.345722609454e+16	3.69956e+09	1.00000e+00	3.03064e+01	4.73267e+05	9.99999e-01	7.43298e-07	3.88729e-23	1.43360e-04	9.64654e-42	0.00000e+00	1.20751e+00
1.345722979410e+16	3.29950e+09	1.00000e+00	3.16689e+01	4.52921e+05	9.99999e-01	7.96178e-07	4.28150e-23	1.60339e-04	2.92913e-41	0.00000e+00	1.20746e+00
1.345723309360e+16	2.93796e+09	1.00000e+00	3.30972e+01	4.33395e+05	9.99999e-01	8.53772e-07	4.72831e-23	1.79854e-04	9.05729e-41	0.00000e+00	1.20740e+00
1.345723603156e+16	2.60845e+09	1.00000e+00	3.45974e+01	4.14620e+05	9.99999e-01	9.16724e-07	5.23738e-23	2.02412e-04	2.84677e-40	0.00000e+00	1.20734e+00
1.345723864001e+16	2.30415e+09	1.00000e+00	3.61751e+01	3.96551e+05	9.99999e-01	9.85728e-07	5.82003e-23	2.28619e-04	9.06152e-40	0.00000e+00	1.20728e+00
1.345724094416e+16	2.02264e+09	1.00000e+00	3.78359e+01	3.79155e+05	9.99999e-01	1.06154e-06	6.48968e-23	2.59209e-04	2.90782e-39	0.00000e+00	1.20721e+00
1.345724296680e+16	1.76339e+09	1.00000e+00	3.95836e+01	3.62419e+05	9.99999e-01	1.14496e-06	7.26186e-23	2.95051e-04	9.35503e-39	0.00000e+00	1.20715e+00
1.345724473019e+16	1.52751e+09	1.00000e+00	4.14201e+01	3.46352e+05	9.99999e-01	1.23675e-06	8.15397e-23	3.37149e-04	2.99876e-38	0.00000e+00	1.20708e+00
1.345724625770e+16	1.31711e+09	1.00000e+00	4.33462e+01	3.30961e+05	9.99999e-01	1.33770e-06	9.18630e-23	3.86688e-04	9.52793e-38	0.00000e+00	1.20701e+00
1.345724757481e+16	1.13292e+09	1.00000e+00	4.53615e+01	3.16256e+05	9.99999e-01	1.44864e-06	1.03819e-22	4.45051e-04	2.98787e-37	0.00000e+00	1.20693e+00
1.345724870774e+16	9.74585e+08	1.00000e+00	4.74653e+01	3.02239e+05	9.99999e-01	1.57035e-06	1.17669e-22	5.13866e-04	9.22121e-37	0.00000e+00	1.20685e+00
1.345724968232e+16	8.40579e+08	1.00000e+00	4.96570e+01	2.88899e+05	9.99998e-01	1.70387e-06	1.33731e-22	5.95105e-04	2.79776e-36	0.00000e+00	1.20676e+00
1.345725052290e+16	7.28191e+08	1.00000e+00	5.19366e+01	2.76221e+05	9.99998e-01	1.85027e-06	1.52287e-22	6.91112e-04	8.34229e-36	0.00000e+00	1.20667e+00
1.345725125109e+16	6.34602e+08	1.00000e+00	5.43058e+01	2.64174e+05	9.99998e-01	2.01087e-06	1.73859e-22	8.04773e-04	2.44689e-35	0.00000e+00	1.20657e+00
1.345725188569e+16	5.56620e+08	1.00000e+00	5.67667e+01	2.52726e+05	9.99998e-01	2.18718e-06	1.99004e-22	9.39574e-04	7.06646e-35	0.00000e+00	1.20647e+00
1.345725244232e+16	4.91537e+08	1.00000e+00	5.93222e+01	2.41844e+05	9.99998e-01	2.38094e-06	2.28398e-22	1.09975e-03	2.01155e-34	0.00000e+00	1.20637e+00
1.345725293385e+16	4.36953e+08	1.00000e+00	6.19761e+01	2.31494e+05	9.99998e-01	2.59415e-06	2.62861e-22	1.29042e-03	5.64960e-34	0.00000e+00	1.20626e+00
1.345725337080e+16	3.90911e+08	1.00000e+00	6.47324e+01	2.21639e+05	9.99997e-01	2.82923e-06	3.03369e-22	1.51783e-03	1.56696e-33	0.00000e+00	1.20615e+00
1.345725376172e+16	3.51670e+08	1.00000e+00	6.75955e+01	2.12256e+05	9.99997e-01	3.08864e-06	3.51148e-22	1.78926e-03	4.29133e-33	0.00000e+00	1.20604e+00
1.345725411339e+16	3.18222e+08	1.00000e+00	7.05714e+01	2.03313e+05	9.99997e-01	3.37555e-06	4.07735e-22	2.11365e-03	1.16147e-32	0.00000e+00	1.20591e+00
1.345725443161e+16	2.89367e+08	1.00000e+00	7.36646e+01	1.94782e+05	9.99997e-01	3.69343e-06	4.74997e-22	2.50144e-03	3.10668e-32	0.00000e+00	1.20579e+00
1.345725472097e+16	2.64285e+08	1.00000e+00	7.68807e+01	1.86640e+05	9.99996e-01	4.04631e-06	5.55259e-22	2.96486e-03	8.21098e-32	0.00000e+00	1.20565e+00
1.345725498526e+16	2.42321e+08	1.00000e+00	8.02254e+01	1.78866e+05	9.99996e-01	4.43872e-06	6.51378e-22	3.51792e-03	2.14344e-31	0.00000e+00	1.20551e+00
1.345725522758e+16	2.23027e+08	1.00000e+00	8.37086e+01	1.71449e+05	9.99996e-01	4.87535e-06	7.66742e-22	4.17619e-03	5.52227e-31	0.00000e+00	1.20535e+00
1.345725545061e+16	2.06203e+08	1.00000e+00	8.73334e+01	1.64342e+05	9.99995e-01	5.36406e-06	9.06255e-22	4.95934e-03	1.40658e-30	0.00000e+00	1.20518e+00
1.345725565681e+16	1.90725e+08	1.00000e+00	9.11009e+01	1.57551e+05	9.99995e-01	5.91052e-06	1.07526e-21	5.88479e-03	3.52805e-30	0.00000e+00	1.20501e+00
1.345725584754e+16	1.77018e+08	1.00000e+00	9.50210e+01	1.51061e+05	9.99994e-01	6.52284e-06	1.28089e-21	6.97327e-03	8.71544e-30	0.00000e+00	1.20482e+00
1.345725602455e+16	1.64808e+08	1.00000e+00	9.91015e+01	1.44850e+05	9.99993e-01	7.21109e-06	1.53239e-21	8.24659e-03	2.12003e-29	0.00000e+00	1.20461e+00
1.345725618936e+16	1.53744e+08	1.00000e+00	1.03348e+02	1.38909e+05	9.99992e-01	7.98586e-06	1.84117e-21	9.72501e-03	5.06975e-29	0.00000e+00	1.20438e+00
1.345725634311e+16	1.43775e+08	1.00000e+00	1.07768e+02	1.33223e+05	9.99991e-01	8.86004e-06	2.22206e-21	1.14284e-02	1.19078e-28	0.00000e+00	1.20412e+00
1.345725648688e+16	1.34760e+08	1.00000e+00	1.12368e+02	1.27782e+05	9.99990e-01	9.84856e-06	2.69407e-21	1.33746e-02	2.74420e-28	0.00000e+00	1.20384e+00
1.345725662164e+16	1.26592e+08	1.00000e+00	1.17156e+02	1.22574e+05	9.99989e-01	1.09690e-05	3.28179e-21	1.55787e-02	6.19879e-28	0.00000e+00	1.20353e+00
1.345725674823e+16	1.19175e+08	1.00000e+00	1.22138e+02	1.17585e+05	9.99987e-01	1.22429e-05	4.01775e-21	1.80524e-02	1.37151e-27	0.00000e+00	1.20321e+00
1.345725686741e+16	1.12353e+08	1.00000e+00	1.27323e+02	1.12815e+05	9.99986e-01	1.36918e-05	4.94179e-21	2.08010e-02	2.96733e-27	0.00000e+00	1.20284e+00
1.345725697976e+16	1.06285e+08	1.00000e+00	1.32723e+02	1.08244e+05	9.99985e-01	1.53475e-05	6.11035e-21	2.38319e-02	6.28377e-27	0.00000e+00	1.20244e+00
1.345725708604e+16	1.00668e+08	1.00000e+00	1.38344e+02	1.03865e+05	9.99983e-01	1.72435e-05	7.59573e-21	2.71427e-02	1.30110e-26	0.00000e+00	1.20201e+00
1.345725718671e+16	9.55164e+07	1.00000e+00	1.44195e+02	9.96700e+04	9.99981e-01	1.94206e-05	9.49463e-21	3.07288e-02	2.63405e-26	0.00000e+00	1.20156e+00
1.345725728223e+16	9.07759e+07	1.00000e+00	1.50288e+02	9.56500e+04	9.99978e-01	2.19283e-05	1.19368e-20	3.45823e-02	5.21504e-26	0.00000e+00	1.20107e+00
1.345725737301e+16	8.63952e+07	1.00000e+00	1.56633e+02	9.17965e+04	9.99976e-01	2.48256e-05	1.50971e-20	3.86927e-02	1.01016e-25	0.00000e+00	1.20056e+00
1.345725745940e+16	8.23245e+07	1.00000e+00	1.63239e+02	8.81024e+04	9.99972e-01	2.81834e-05	1.92121e-20	4.30470e-02	1.91539e-25	0.00000e+00	1.20003e+00
1.345725754173e+16	7.85354e+07	1.00000e+00	1.70118e+02	8.45611e+04	9.99968e-01	3.20868e-05	2.46044e-20	4.76315e-02	3.55772e-25	0.00000e+00	1.19948e+00
1.345725762026e+16	7.50129e+07	1.00000e+00	1.77282e+02	8.11644e+04	9.99963e-01	3.66410e-05	3.17201e-20	5.24335e-02	6.47993e-25	0.00000e+00	1.19890e+00
1.345725769527e+16	7.16973e+07	1.00000e+00	1.84744e+02	7.79070e+04	9.99958e-01	4.19714e-05	4.11732e-20	5.74385e-02	1.15813e-24	0.00000e+00	1.19830e+00
1.345725776697e+16	6.85901e+07	1.00000e+00	1.92517e+02	7.47819e+04	9.99952e-01	4.82334e-05	5.38240e-20	6.26346e-02	2.03307e-24	0.00000e+00	1.19769e+00
1.345725783556e+16	6.56536e+07	1.00000e+00	2.00613e+02	7.17840e+04	9.99944e-01	5.56151e-05	7.08765e-20	6.80099e-02	3.50810e-24	0.00000e+00	1.19706e+00
1.345725790121e+16	6.28823e+07	1.00000e+00	2.09046e+02	6.89076e+04	9.99936e-01	6.43487e-05	9.40383e-20	7.35549e-02	5.95470e-24	0.00000e+00	1.19641e+00
1.345725796410e+16	6.02577e+07	1.00000e+00	2.17831e+02	6.61478e+04	9.99925e-01	7.47198e-05	1.25743e-19	7.92613e-02	9.94982e-24	0.00000e+00	1.19574e+00
1.345725802435e+16	5.77695e+07	1.00000e+00	2.26983e+02	6.34996e+04	9.99913e-01	8.70814e-05	1.69488e-19	8.51225e-02	1.63769e-23	0.00000e+00	1.19506e+00
1.345725808212e+16	5.54100e+07	1.00000e+00	2.36518e+02	6.09581e+04	9.99898e-01	1.01874e-04	2.30355e-19	9.11337e-02	2.65722e-23	0.00000e+00	1.19436e+00
1.345725813753e+16	5.31599e+07	1.00000e+00	2.46453e+02	5.85189e+04	9.99880e-01	1.19644e-04	3.15757e-19	9.72901e-02	4.25307e-23	0.00000e+00	1.19364e+00
1.345725819069e+16	5.10152e+07	1.00000e+00	2.56802e+02	5.61783e+04	9.99859e-01	1.41069e-04	4.36594e-19	1.03588e-01	6.72085e-23	0.00000e+00	1.19290e+00
1.345725824171e+16	4.89772e+07	1.00000e+00	2.67586e+02	5.39319e+04	9.99832e-01	1.67005e-04	6.09100e-19	1.10027e-01	1.04975e-22	0.00000e+00	1.19215e+00
1.345725829069e+16	4.70335e+07	1.00000e+00	2.78825e+02	5.17753e+04	9.99801e-01	1.98530e-04	8.57653e-19	1.16605e-01	1.62282e-22	0.00000e+00	1.19137e+00
1.345725833772e+16	4.51669e+07	1.00000e+00	2.90540e+02	4.97046e+04	9.99763e-01	2.37001e-04	1.21907e-18	1.23318e-01	2.48699e-22	0.00000e+00	1.19057e+00
1.345725838289e+16	4.33673e+07	1.00000e+00	3.02752e+02	4.77162e+04	9.99715e-01	2.84128e-04	1.74950e-18	1.30165e-01	3.78558e-22	0.00000e+00	1.18974e+00
1.345725842625e+16	4.16291e+07	1.00000e+00	3.15488e+02	4.58065e+04	9.99657e-01	3.42076e-04	2.53520e-18	1.37142e-01	5.73666e-22	0.00000e+00	1.18889e+00
1.345725846788e+16	3.99397e+07	1.00000e+00	3.28773e+02	4.39716e+04	9.99586e-01	4.13586e-04	3.70981e-18	1.44243e-01	8.67738e-22	0.00000e+00	1.18802e+00
1.345725850782e+16	3.82842e+07	1.00000e+00	3.42637e+02	4.22083e+04	9.99497e-01	5.02095e-04	5.48104e-18	1.51461e-01	1.31370e-21	0.00000e+00	1.18710e+00
1.345725854611e+16	3.66582e+07	1.00000e+00	3.57109e+02	4.05135e+04	9.99388e-01	6.11936e-04	8.17427e-18	1.58788e-01	1.99606e-21	0.00000e+00	1.18616e+00
1.345725858276e+16	3.50503e+07	1.00000e+00	3.72220e+02	3.88840e+04	9.99251e-01	7.48484e-04	1.22996e-17	1.66213e-01	3.05096e-21	0.00000e+00	1.18518e+00
1.345725861782e+16	3.34572e+07	1.00000e+00	3.87998e+02	3.73179e+04	9.99081e-01	9.18314e-04	1.86561e-17	1.73723e-01	4.69923e-21	0.00000e+00	1.18415e+00
1.345725865127e+16	3.18886e+07	1.00000e+00	4.04475e+02	3.58124e+04	9.98870e-01	1.12942e-03	2.84965e-17	1.81305e-01	7.30057e-21	0.00000e+00	1.18307e+00
1.345725868316e+16	3.03431e+07	1.00000e+00	4.21737e+02	3.43791e+04	9.98610e-01	1.38959e-03	4.36741e-17	1.88944e-01	1.14265e-20	0.00000e+00	1.18178e+00
1.345725871350e+16	2.91109e+07	1.00000e+00	4.39804e+02	3.29821e+04	9.98285e-01	1.71465e-03	6.74899e-17	1.96704e-01	1.81021e-20	0.00000e+00	1.18057e+00
1.345725874262e+16	2.74927e+07	1.00000e+00	4.58528e+02	3.16495e+04	9.97888e-01	2.11182e-03	1.04195e-16	2.04459e-01	2.87352e-20	0.00000e+00	1.17929e+00
1.345725877011e+16	2.61176e+07	1.00000e+00	4.78054e+02	3.03734e+04	9.97404e-01	2.59590e-03	1.60806e-16	2.12251e-01	4.57478e-20	0.00000e+00	1.17792e+00
1.345725879623e+16	2.48660e+07	1.00000e+00	4.98389e+02	2.91493e+04	9.96818e-01	3.18184e-03	2.57900e-16	2.20090e-01	7.48237e-20	0.00000e+00	1.17643e+00
1.345725882109e+16	2.36853e+07	1.00000e+00	5.19538e+02	2.79788e+04	9.96117e-01	3.88303e-03	4.22291e-16	2.27975e-01	1.25226e-19	0.00000e+00	1.17483e+00
1.345725884478e+16	2.26471e+07	1.00000e+00	5.41536e+02	2.68598e+04	9.95285e-01	4.71437e-03	6.91193e-16	2.35930e-01	2.11298e-19	0.00000e+00	1.17307e+00
1.345725886742e+16	2.17430e+07	1.00000e+00	5.64404e+02	2.57905e+04	9.94309e-01	5.69030e-03	1.12472e-15	2.43980e-01	3.56210e-19	0.00000e+00	1.17115e+00
1.345725888917e+16	2.09768e+07	1.00000e+00	5.88161e+02	2.47692e+04	9.93174e-01	6.82506e-03	1.81553e-15	2.52160e-01	5.96910e-19	0.00000e+00	1.16905e+00
1.345725891014e+16	2.03499e+07	1.00000e+00	6.12832e+02	2.37946e+04	9.91867e-01	8.13281e-03	2.90416e-15	2.60509e-01	9.91246e-19	0.00000e+00	1.16675e+00
1.345725893049e+16	1.98740e+07	1.00000e+00	6.38454e+02	2.28639e+04	9.90370e-01	9.62917e-03	4.60362e-15	2.69079e-01	1.62882e-18	0.00000e+00	1.16421e+00
1.345725895037e+16	1.95291e+07	1.00000e+00	6.65055e+02	2.19756e+04	9.88670e-01	1.13294e-02	7.23104e-15	2.77919e-01	2.64458e-18	0.00000e+00	1.16143e+00
1.345725896990e+16	1.93246e+07	1.00000e+00	6.92680e+02	2.11271e+04	9.86748e-01	1.32513e-02	1.12612e-14	2.87088e-01	4.23961e-18	0.00000e+00	1.15838e+00
1.345725898922e+16	1.92480e+07	1.00000e+00	7.21372e+02	2.03166e+04	9.84586e-01	1.54137e-02	1.73977e-14	2.96644e-01	6.70533e-18	0.00000e+00	1.15504e+00
1.345725900847e+16	1.92995e+07	1.00000e+00	7.51181e+02	1.95421e+04	9.82161e-01	1.78384e-02	2.66851e-14	3.06650e-01	1.04560e-17	0.00000e+00	1.15137e+00
1.345725902777e+16	1.94771e+07	1.00000e+00	7.82172e+02	1.88015e+04	9.79449e-01	2.05501e-02	4.06719e-14	3.17174e-01	1.60668e-17	0.00000e+00	1.14733e+00
1.345725904725e+16	1.97794e+07	1.00000e+00	8.14416e+02	1.80929e+04	9.76422e-01	2.35773e-02	6.16562e-14	3.28283e-01	2.43175e-17	0.00000e+00	1.14290e+00
1.345725906703e+16	2.02011e+07	1.00000e+00	8.47998e+02	1.74144e+04	9.73048e-01	2.69518e-02	9.30447e-14	3.40045e-01	3.62389e-17	0.00000e+00	1.13803e+00
1.345725908723e+16	2.07405e+07	1.00000e+00	8.82999e+02	1.67645e+04	9.69290e-01	3.07094e-02	1.39896e-13	3.52524e-01	5.31660e-17	0.00000e+00	1.13268e+00
1.345725910797e+16	2.13977e+07	1.00000e+00	9.19519e+02	1.61414e+04	9.65109e-01	3.48907e-02	2.09733e-13	3.65780e-01	7.68013e-17	0.00000e+00	1.12678e+00
1.345725912936e+16	2.21755e+07	1.00000e+00	9.57676e+02	1.55438e+04	9.60458e-01	3.95419e-02	3.13789e-13	3.79870e-01	1.09299e-16	0.00000e+00	1.12028e+00
1.345725915154e+16	2.30701e+07	1.00000e+00	9.97599e+02	1.49701e+04	9.55286e-01	4.47138e-02	4.68851e-13	3.94834e-01	1.53362e-16	0.00000e+00	1.11311e+00
1.345725917461e+16	2.40809e+07	1.00000e+00	1.03944e+03	1.44190e+04	9.49537e-01	5.04626e-02	7.00087e-13	4.10698e-01	2.12386e-16	0.00000e+00	1.10521e+00
1.345725919869e+16	2.52019e+07	1.00000e+00	1.08337e+03	1.38891e+04	9.43151e-01	5.68488e-02	1.04376e-12	4.27462e-01	2.90234e-16	0.00000e+00	1.09650e+00
1.345725922389e+16	2.64208e+07	1.00000e+00	1.12958e+03	1.33793e+04	9.36064e-01	6.39348e-02	1.54960e-12	4.45089e-01	3.90586e-16	0.00000e+00	1.08690e+00
1.345725925031e+16	2.77375e+07	1.00000e+00	1.17828e+03	1.28884e+04	9.28212e-01	7.17879e-02	2.29935e-12	4.63510e-01	5.19431e-16	0.00000e+00	1.07634e+00
1.345725927805e+16	2.91295e+07	1.00000e+00	1.22971e+03	1.24154e+04	9.19526e-01	8.04730e-02	3.41317e-12	4.82601e-01	6.83768e-16	0.00000e+00	1.06476e+00
1.345725930718e+16	3.05795e+07	1.00000e+00	1.28411e+03	1.19592e+04	9.09947e-01	9.00525e-02	5.07045e-12	5.02187e-01	8.91729e-16	0.00000e+00	1.05207e+00
1.345725933776e+16	3.20661e+07	1.00000e+00	1.34175e+03	1.15192e+04	8.99416e-01	1.00583e-01	7.53911e-12	5.22034e-01	1.15268e-15	0.00000e+00	1.03824e+00
1.345725936983e+16	3.35789e+07	1.00000e+00	1.40292e+03	1.10946e+04	8.87883e-01	1.12117e-01	1.12209e-11	5.41861e-01	1.47745e-15	0.00000e+00	1.02322e+00
1.345725940341e+16	3.51012e+07	1.00000e+00	1.46795e+03	1.06846e+04	8.75301e-01	1.24699e-01	1.67205e-11	5.61338e-01	1.87854e-15	0.00000e+00	1.00696e+00
1.345725943851e+16	3.65868e+07	1.00000e+00	1.53716e+03	1.02886e+04	8.61646e-01	1.38353e-01	2.49421e-11	5.80085e-01	2.36984e-15	0.00000e+00	9.89475e-01
1.345725947509e+16	3.80212e+07	1.00000e+00	1.61087e+03	9.90605e+03	8.46908e-01	1.53091e-01	3.72355e-11	5.97703e-01	2.96711e-15	0.00000e+00	9.70764e-01
1.345725951311e+16	3.80212e+07	1.00000e+00	1.68676e+03	9.54897e+03	8.31656e-01	1.68344e-01	5.47928e-11	6.13302e-01	3.66038e-15	0.00000e+00	9.51553e-01
