#elapsed time	time step 	scale cont	scalingDen	<T>	<H+/H rad>	<H0/H rad>	<2*H2/H rad>	<He+/He rad>	<CO/H>	<redshift>	<ne/nH>
0.000000000000e+00	0.00000e+00	1.00000e+00	1.40820e-01	1.00000e+08	1.00000e+00	2.00182e-09	1.22878e-25	1.04408e-07	0.00000e+00	0.00000e+00	1.20000e+00
0.000000000000e+00	0.00000e+00	1.00000e+00	1.40820e-01	1.00000e+08	1.00000e+00	2.00182e-09	1.22878e-25	1.04408e-07	0.00000e+00	0.00000e+00	1.20000e+00
0.000000000000e+00	0.00000e+00	1.00000e+00	1.40820e-01	1.00000e+08	1.00000e+00	2.00182e-09	1.22878e-25	1.04408e-07	0.00000e+00	0.00000e+00	1.20000e+00
1.650735968695e+12	3.30147e+12	1.00000e+00	1.40820e-01	9.99799e+07	1.00000e+00	2.00223e-09	1.22925e-25	1.04431e-07	0.00000e+00	0.00000e+00	1.20000e+00
4.952207906085e+12	6.60294e+12	1.00000e+00	1.40820e-01	9.99398e+07	1.00000e+00	2.00307e-09	1.23019e-25	1.04478e-07	0.00000e+00	0.00000e+00	1.20000e+00
1.155515178086e+13	1.32059e+13	1.00000e+00	1.40820e-01	9.98597e+07	1.00000e+00	2.00475e-09	1.23208e-25	1.04572e-07	0.00000e+00	0.00000e+00	1.20000e+00
2.476103953042e+13	2.64118e+13	1.00000e+00	1.40820e-01	9.96995e+07	1.00000e+00	2.00812e-09	1.23585e-25	1.04759e-07	0.00000e+00	0.00000e+00	1.20000e+00
5.117281502954e+13	5.28236e+13	1.00000e+00	1.40820e-01	9.93797e+07	1.00000e+00	2.01489e-09	1.24343e-25	1.05135e-07	0.00000e+00	0.00000e+00	1.20000e+00
1.039963660278e+14	1.05647e+14	1.00000e+00	1.40820e-01	9.87421e+07	1.00000e+00	2.02850e-09	1.25876e-25	1.05893e-07	0.00000e+00	0.00000e+00	1.20000e+00
2.096434680242e+14	2.11294e+14	1.00000e+00	1.40820e-01	9.74754e+07	1.00000e+00	2.05607e-09	1.29006e-25	1.07428e-07	0.00000e+00	0.00000e+00	1.20000e+00
4.209376720172e+14	4.22588e+14	1.00000e+00	1.40820e-01	9.49750e+07	1.00000e+00	2.11269e-09	1.35543e-25	1.10584e-07	0.00000e+00	0.00000e+00	1.20000e+00
8.435260800031e+14	6.42059e+14	1.00000e+00	1.40820e-01	9.12519e+07	1.00000e+00	2.20282e-09	1.46246e-25	1.15617e-07	0.00000e+00	0.00000e+00	1.20000e+00
1.485585348962e+15	6.29467e+14	1.00000e+00	1.40820e-01	8.76745e+07	1.00000e+00	2.29671e-09	1.57785e-25	1.20872e-07	0.00000e+00	0.00000e+00	1.20000e+00
2.115052283926e+15	6.17087e+14	1.00000e+00	1.40820e-01	8.42371e+07	1.00000e+00	2.39453e-09	1.70221e-25	1.26359e-07	0.00000e+00	0.00000e+00	1.20000e+00
2.732139283509e+15	6.04883e+14	1.00000e+00	1.40820e-01	8.09342e+07	1.00000e+00	2.49643e-09	1.83627e-25	1.32088e-07	0.00000e+00	0.00000e+00	1.20000e+00
3.337022063903e+15	5.92887e+14	1.00000e+00	1.40820e-01	7.77605e+07	1.00000e+00	2.60258e-09	1.98075e-25	1.38068e-07	0.00000e+00	0.00000e+00	1.20000e+00
3.929908783229e+15	5.81063e+14	1.00000e+00	1.40820e-01	7.47112e+07	1.00000e+00	2.71314e-09	2.13645e-25	1.44311e-07	0.00000e+00	0.00000e+00	1.20000e+00
4.510972262719e+15	5.69460e+14	1.00000e+00	1.40820e-01	7.17810e+07	1.00000e+00	2.82831e-09	2.30424e-25	1.50829e-07	0.00000e+00	0.00000e+00	1.20000e+00
5.080432334661e+15	5.58010e+14	1.00000e+00	1.40820e-01	6.89657e+07	1.00000e+00	2.94826e-09	2.48503e-25	1.57632e-07	0.00000e+00	0.00000e+00	1.20000e+00
5.638442592280e+15	5.46775e+14	1.00000e+00	1.40820e-01	6.62605e+07	1.00000e+00	3.07320e-09	2.67984e-25	1.64733e-07	0.00000e+00	0.00000e+00	1.20000e+00
6.185217943581e+15	5.35707e+14	1.00000e+00	1.40820e-01	6.36614e+07	1.00000e+00	3.20332e-09	2.88971e-25	1.72145e-07	0.00000e+00	0.00000e+00	1.20000e+00
6.720924603741e+15	5.24847e+14	1.00000e+00	1.40820e-01	6.11640e+07	1.00000e+00	3.33883e-09	3.11579e-25	1.79881e-07	0.00000e+00	0.00000e+00	1.20000e+00
7.245771951567e+15	5.14165e+14	1.00000e+00	1.40820e-01	5.87644e+07	1.00000e+00	3.47996e-09	3.35936e-25	1.87955e-07	0.00000e+00	0.00000e+00	1.20000e+00
7.759936940966e+15	5.03658e+14	1.00000e+00	1.40820e-01	5.64587e+07	1.00000e+00	3.62693e-09	3.62171e-25	1.96382e-07	0.00000e+00	0.00000e+00	1.20000e+00
8.263594703289e+15	4.93324e+14	1.00000e+00	1.40820e-01	5.42435e+07	1.00000e+00	3.77999e-09	3.90433e-25	2.05177e-07	0.00000e+00	0.00000e+00	1.20000e+00
8.756918540629e+15	4.83188e+14	1.00000e+00	1.40820e-01	5.21149e+07	1.00000e+00	3.93938e-09	4.20871e-25	2.14357e-07	0.00000e+00	0.00000e+00	1.20000e+00
9.240106960478e+15	4.73208e+14	1.00000e+00	1.40820e-01	5.00698e+07	1.00000e+00	4.10534e-09	4.53654e-25	2.23936e-07	0.00000e+00	0.00000e+00	1.20000e+00
9.713315229413e+15	4.63421e+14	1.00000e+00	1.40820e-01	4.81048e+07	1.00000e+00	4.27815e-09	4.88956e-25	2.33934e-07	0.00000e+00	0.00000e+00	1.20000e+00
1.017673651875e+16	4.53799e+14	1.00000e+00	1.40820e-01	4.62168e+07	1.00000e+00	4.45809e-09	5.26971e-25	2.44366e-07	0.00000e+00	0.00000e+00	1.20000e+00
1.063053515373e+16	4.44338e+14	1.00000e+00	1.40820e-01	4.44028e+07	1.00000e+00	4.64543e-09	5.67903e-25	2.55254e-07	0.00000e+00	0.00000e+00	1.20000e+00
1.107487364902e+16	4.35051e+14	1.00000e+00	1.40820e-01	4.26598e+07	1.00000e+00	4.84047e-09	6.11972e-25	2.66616e-07	0.00000e+00	0.00000e+00	1.20000e+00
1.150992487510e+16	4.25934e+14	1.00000e+00	1.40820e-01	4.09852e+07	1.00000e+00	5.04355e-09	6.59420e-25	2.78472e-07	0.00000e+00	0.00000e+00	1.20000e+00
1.193585911880e+16	4.16985e+14	1.00000e+00	1.40820e-01	3.93762e+07	1.00000e+00	5.25495e-09	7.10501e-25	2.90846e-07	0.00000e+00	0.00000e+00	1.20000e+00
1.235284410906e+16	4.08178e+14	1.00000e+00	1.40820e-01	3.78303e+07	1.00000e+00	5.47504e-09	7.65490e-25	3.03759e-07	0.00000e+00	0.00000e+00	1.20000e+00
1.276102221022e+16	3.99546e+14	1.00000e+00	1.40820e-01	3.63450e+07	1.00000e+00	5.70417e-09	8.24682e-25	3.17235e-07	0.00000e+00	0.00000e+00	1.20000e+00
1.316056825308e+16	3.91075e+14	1.00000e+00	1.40820e-01	3.49179e+07	1.00000e+00	5.94269e-09	8.88396e-25	3.31299e-07	0.00000e+00	0.00000e+00	1.20000e+00
1.355164291254e+16	3.82740e+14	1.00000e+00	1.40820e-01	3.35468e+07	1.00000e+00	6.19097e-09	9.56973e-25	3.45977e-07	0.00000e+00	0.00000e+00	1.20000e+00
1.393438298998e+16	3.74573e+14	1.00000e+00	1.40820e-01	3.22294e+07	1.00000e+00	6.44944e-09	1.03078e-24	3.61296e-07	0.00000e+00	0.00000e+00	1.20000e+00
1.430895563822e+16	3.66549e+14	1.00000e+00	1.40820e-01	3.09636e+07	1.00000e+00	6.71850e-09	1.11022e-24	3.77286e-07	0.00000e+00	0.00000e+00	1.20000e+00
1.467550439755e+16	3.58677e+14	1.00000e+00	1.40820e-01	2.97475e+07	1.00000e+00	6.99861e-09	1.19573e-24	3.93977e-07	0.00000e+00	0.00000e+00	1.20000e+00
1.503418109485e+16	3.50944e+14	1.00000e+00	1.40820e-01	2.85791e+07	1.00000e+00	7.29017e-09	1.28775e-24	4.11399e-07	0.00000e+00	0.00000e+00	1.20000e+00
1.538512535730e+16	3.43350e+14	1.00000e+00	1.40820e-01	2.74565e+07	1.00000e+00	7.59366e-09	1.38676e-24	4.29586e-07	0.00000e+00	0.00000e+00	1.20000e+00
1.572847508727e+16	3.35920e+14	1.00000e+00	1.40820e-01	2.63779e+07	1.00000e+00	7.90956e-09	1.49332e-24	4.48573e-07	0.00000e+00	0.00000e+00	1.20000e+00
1.606439463259e+16	3.28604e+14	1.00000e+00	1.40820e-01	2.53416e+07	1.00000e+00	8.23837e-09	1.60798e-24	4.68396e-07	0.00000e+00	0.00000e+00	1.20000e+00
1.639299885719e+16	3.21439e+14	1.00000e+00	1.40820e-01	2.43460e+07	1.00000e+00	8.58063e-09	1.73136e-24	4.89094e-07	0.00000e+00	0.00000e+00	1.20000e+00
1.671443808286e+16	3.14395e+14	1.00000e+00	1.40820e-01	2.33894e+07	1.00000e+00	8.93687e-09	1.86412e-24	5.10706e-07	0.00000e+00	0.00000e+00	1.20000e+00
1.702883339024e+16	3.07497e+14	1.00000e+00	1.40820e-01	2.24703e+07	1.00000e+00	9.30766e-09	2.00697e-24	5.33277e-07	0.00000e+00	0.00000e+00	1.20000e+00
1.733633054439e+16	3.00717e+14	1.00000e+00	1.40820e-01	2.15873e+07	1.00000e+00	9.69361e-09	2.16066e-24	5.56850e-07	0.00000e+00	0.00000e+00	1.20000e+00
1.763704728405e+16	2.94069e+14	1.00000e+00	1.40820e-01	2.07390e+07	1.00000e+00	1.00953e-08	2.32604e-24	5.81473e-07	0.00000e+00	0.00000e+00	1.20000e+00
1.793111668602e+16	2.87553e+14	1.00000e+00	1.40820e-01	1.99239e+07	1.00000e+00	1.05135e-08	2.50398e-24	6.07196e-07	0.00000e+00	0.00000e+00	1.20000e+00
1.821866962102e+16	2.81149e+14	1.00000e+00	1.40820e-01	1.91408e+07	1.00000e+00	1.09487e-08	2.69543e-24	6.34071e-07	0.00000e+00	0.00000e+00	1.20000e+00
1.849981907167e+16	2.74873e+14	1.00000e+00	1.40820e-01	1.83884e+07	1.00000e+00	1.14018e-08	2.90142e-24	6.62154e-07	0.00000e+00	0.00000e+00	1.20000e+00
1.877469227891e+16	2.68715e+14	1.00000e+00	1.40820e-01	1.76655e+07	1.00000e+00	1.18734e-08	3.12308e-24	6.91504e-07	0.00000e+00	0.00000e+00	1.20000e+00
1.904340683157e+16	2.62672e+14	1.00000e+00	1.40820e-01	1.69710e+07	1.00000e+00	1.23644e-08	3.36162e-24	7.22181e-07	0.00000e+00	0.00000e+00	1.20000e+00
1.930607870618e+16	2.56744e+14	1.00000e+00	1.40820e-01	1.63037e+07	1.00000e+00	1.28755e-08	3.61828e-24	7.54251e-07	0.00000e+00	0.00000e+00	1.20000e+00
1.956282227425e+16	2.50928e+14	1.00000e+00	1.40820e-01	1.56626e+07	1.00000e+00	1.34076e-08	3.89447e-24	7.87784e-07	0.00000e+00	0.00000e+00	1.20000e+00
1.981375030984e+16	2.45224e+14	1.00000e+00	1.40820e-01	1.50467e+07	1.00000e+00	1.39615e-08	4.19169e-24	8.22853e-07	0.00000e+00	0.00000e+00	1.20000e+00
2.005897399758e+16	2.39629e+14	1.00000e+00	1.40820e-01	1.44550e+07	1.00000e+00	1.45382e-08	4.51155e-24	8.59537e-07	0.00000e+00	0.00000e+00	1.20000e+00
2.029860294098e+16	2.34142e+14	1.00000e+00	1.40820e-01	1.38864e+07	1.00000e+00	1.51386e-08	4.85577e-24	8.97917e-07	0.00000e+00	0.00000e+00	1.20000e+00
2.053274517111e+16	2.28756e+14	1.00000e+00	1.40820e-01	1.33402e+07	1.00000e+00	1.57637e-08	5.22624e-24	9.38079e-07	0.00000e+00	0.00000e+00	1.20000e+00
2.076150076958e+16	2.23474e+14	1.00000e+00	1.40820e-01	1.28154e+07	1.00000e+00	1.64146e-08	5.62499e-24	9.80118e-07	0.00000e+00	0.00000e+00	1.20000e+00
2.098497494505e+16	2.18296e+14	1.00000e+00	1.40820e-01	1.23112e+07	1.00000e+00	1.70923e-08	6.05420e-24	1.02413e-06	0.00000e+00	0.00000e+00	1.20000e+00
2.120327135296e+16	2.13215e+14	1.00000e+00	1.40820e-01	1.18268e+07	1.00000e+00	1.77981e-08	6.51624e-24	1.07022e-06	0.00000e+00	0.00000e+00	1.20000e+00
2.141648615504e+16	2.08228e+14	1.00000e+00	1.40820e-01	1.13615e+07	1.00000e+00	1.85331e-08	7.01367e-24	1.11850e-06	0.00000e+00	0.00000e+00	1.20000e+00
2.162471439835e+16	2.03341e+14	1.00000e+00	1.40820e-01	1.09143e+07	1.00000e+00	1.92986e-08	7.54927e-24	1.16908e-06	0.00000e+00	0.00000e+00	1.20000e+00
2.182805568326e+16	1.98547e+14	1.00000e+00	1.40820e-01	1.04848e+07	1.00000e+00	2.00959e-08	8.12598e-24	1.22209e-06	0.00000e+00	0.00000e+00	1.20000e+00
2.202660254294e+16	1.93849e+14	1.00000e+00	1.40820e-01	1.00721e+07	1.00000e+00	2.09264e-08	8.74710e-24	1.27768e-06	0.00000e+00	0.00000e+00	1.20000e+00
2.222045179635e+16	1.89236e+14	1.00000e+00	1.40820e-01	9.67559e+06	1.00000e+00	2.17917e-08	9.41615e-24	1.33595e-06	0.00000e+00	0.00000e+00	1.20000e+00
2.240968819241e+16	1.84713e+14	1.00000e+00	1.40820e-01	9.29464e+06	1.00000e+00	2.26933e-08	1.01369e-23	1.39708e-06	0.00000e+00	0.00000e+00	1.20000e+00
2.259440088981e+16	1.80272e+14	1.00000e+00	1.40820e-01	8.92867e+06	1.00000e+00	2.36327e-08	1.09134e-23	1.46123e-06	0.00000e+00	0.00000e+00	1.20000e+00
2.277467288795e+16	1.75923e+14	1.00000e+00	1.40820e-01	8.57705e+06	1.00000e+00	2.46116e-08	1.17501e-23	1.52857e-06	0.00000e+00	0.00000e+00	1.20000e+00
2.295059622824e+16	1.71656e+14	1.00000e+00	1.40820e-01	8.23925e+06	1.00000e+00	2.56319e-08	1.26520e-23	1.59928e-06	0.00000e+00	0.00000e+00	1.20000e+00
2.312225187936e+16	1.67473e+14	1.00000e+00	1.40820e-01	7.91470e+06	1.00000e+00	2.66953e-08	1.36240e-23	1.67356e-06	0.00000e+00	0.00000e+00	1.20000e+00
2.328972469302e+16	1.63365e+14	1.00000e+00	1.40820e-01	7.60290e+06	1.00000e+00	2.78040e-08	1.46722e-23	1.75162e-06	0.00000e+00	0.00000e+00	1.20000e+00
2.345308926917e+16	1.59339e+14	1.00000e+00	1.40820e-01	7.30334e+06	1.00000e+00	2.89598e-08	1.58024e-23	1.83369e-06	0.00000e+00	0.00000e+00	1.20000e+00
2.361242862057e+16	1.55387e+14	1.00000e+00	1.40820e-01	7.01555e+06	1.00000e+00	3.01652e-08	1.70215e-23	1.92000e-06	0.00000e+00	0.00000e+00	1.20000e+00
2.376781594233e+16	1.51516e+14	1.00000e+00	1.40820e-01	6.73905e+06	1.00000e+00	3.14222e-08	1.83368e-23	2.01081e-06	0.00000e+00	0.00000e+00	1.20000e+00
2.391933236634e+16	1.47717e+14	1.00000e+00	1.40820e-01	6.47342e+06	1.00000e+00	3.27336e-08	1.97561e-23	2.10639e-06	0.00000e+00	0.00000e+00	1.20000e+00
2.406704962634e+16	1.43993e+14	1.00000e+00	1.40820e-01	6.21822e+06	1.00000e+00	3.41016e-08	2.12884e-23	2.20705e-06	0.00000e+00	0.00000e+00	1.20000e+00
2.421104292628e+16	1.40340e+14	1.00000e+00	1.40820e-01	5.97303e+06	1.00000e+00	3.55292e-08	2.29427e-23	2.31309e-06	0.00000e+00	0.00000e+00	1.20000e+00
2.435138269237e+16	1.36752e+14	1.00000e+00	1.40820e-01	5.73748e+06	1.00000e+00	3.70192e-08	2.47295e-23	2.42486e-06	0.00000e+00	0.00000e+00	1.20000e+00
2.448813496515e+16	1.33238e+14	1.00000e+00	1.40820e-01	5.51117e+06	1.00000e+00	3.85746e-08	2.66601e-23	2.54271e-06	0.00000e+00	0.00000e+00	1.20000e+00
2.462137290112e+16	1.29789e+14	1.00000e+00	1.40820e-01	5.29375e+06	1.00000e+00	4.01986e-08	2.87464e-23	2.66701e-06	0.00000e+00	0.00000e+00	1.20000e+00
2.475116151903e+16	1.26404e+14	1.00000e+00	1.40820e-01	5.08488e+06	1.00000e+00	4.18946e-08	3.10022e-23	2.79822e-06	0.00000e+00	0.00000e+00	1.20000e+00
2.487756548579e+16	1.23090e+14	1.00000e+00	1.40820e-01	4.88420e+06	1.00000e+00	4.36664e-08	3.34418e-23	2.93678e-06	0.00000e+00	0.00000e+00	1.20000e+00
2.500065593819e+16	1.19830e+14	1.00000e+00	1.40820e-01	4.69141e+06	1.00000e+00	4.55175e-08	3.60812e-23	3.08319e-06	0.00000e+00	0.00000e+00	1.20000e+00
2.512048638983e+16	1.16641e+14	1.00000e+00	1.40820e-01	4.50619e+06	1.00000e+00	4.74522e-08	3.89380e-23	3.23798e-06	0.00000e+00	0.00000e+00	1.20000e+00
2.523712695579e+16	1.13510e+14	1.00000e+00	1.40820e-01	4.32824e+06	1.00000e+00	4.94748e-08	4.20317e-23	3.40172e-06	0.00000e+00	0.00000e+00	1.20000e+00
2.535063729127e+16	1.10436e+14	1.00000e+00	1.40820e-01	4.15729e+06	1.00000e+00	5.15896e-08	4.53828e-23	3.57501e-06	0.00000e+00	0.00000e+00	1.20000e+00
2.546107375929e+16	1.07425e+14	1.00000e+00	1.40820e-01	3.99304e+06	1.00000e+00	5.38017e-08	4.90147e-23	3.75854e-06	0.00000e+00	0.00000e+00	1.20000e+00
2.556849869273e+16	1.04466e+14	1.00000e+00	1.40820e-01	3.83525e+06	1.00000e+00	5.61161e-08	5.29527e-23	3.95300e-06	0.00000e+00	0.00000e+00	1.20000e+00
2.567296517411e+16	1.01567e+14	1.00000e+00	1.40820e-01	3.68366e+06	1.00000e+00	5.85385e-08	5.72250e-23	4.15918e-06	0.00000e+00	0.00000e+00	1.20000e+00
2.577453209711e+16	9.87204e+13	1.00000e+00	1.40820e-01	3.53802e+06	1.00000e+00	6.10744e-08	6.18617e-23	4.37792e-06	0.00000e+00	0.00000e+00	1.20000e+00
2.587325251184e+16	9.59324e+13	1.00000e+00	1.40820e-01	3.39810e+06	1.00000e+00	6.37303e-08	6.68974e-23	4.61014e-06	0.00000e+00	0.00000e+00	1.20000e+00
2.596918487609e+16	9.31920e+13	1.00000e+00	1.40820e-01	3.26368e+06	1.00000e+00	6.65127e-08	7.23687e-23	4.85682e-06	0.00000e+00	0.00000e+00	1.20000e+00
2.606237687225e+16	9.05048e+13	1.00000e+00	1.40820e-01	3.13454e+06	1.00000e+00	6.94285e-08	7.83170e-23	5.11901e-06	0.00000e+00	0.00000e+00	1.20000e+00
2.615288165383e+16	8.78682e+13	1.00000e+00	1.40820e-01	3.01047e+06	1.00000e+00	7.24851e-08	8.47874e-23	5.39779e-06	0.00000e+00	0.00000e+00	1.20000e+00
2.624074988017e+16	8.52824e+13	1.00000e+00	1.40820e-01	2.89127e+06	1.00000e+00	7.56908e-08	9.18303e-23	5.69453e-06	0.00000e+00	0.00000e+00	1.20000e+00
2.632603232846e+16	8.27452e+13	1.00000e+00	1.40820e-01	2.77675e+06	1.00000e+00	7.90541e-08	9.95015e-23	6.01061e-06	0.00000e+00	0.00000e+00	1.20000e+00
2.640877754916e+16	8.02545e+13	1.00000e+00	1.40820e-01	2.66674e+06	1.00000e+00	8.25842e-08	1.07863e-22	6.34754e-06	0.00000e+00	0.00000e+00	1.20000e+00
2.648903209555e+16	7.78151e+13	1.00000e+00	1.40820e-01	2.56104e+06	1.00000e+00	8.62910e-08	1.16983e-22	6.70697e-06	0.00000e+00	0.00000e+00	1.20000e+00
2.656684721014e+16	7.54164e+13	1.00000e+00	1.40820e-01	2.45949e+06	1.00000e+00	9.01849e-08	1.26937e-22	7.09067e-06	0.00000e+00	0.00000e+00	1.20000e+00
2.664226360231e+16	7.30653e+13	1.00000e+00	1.40820e-01	2.36194e+06	1.00000e+00	9.42772e-08	1.37810e-22	7.50063e-06	0.00000e+00	0.00000e+00	1.20000e+00
2.671532890316e+16	7.07581e+13	1.00000e+00	1.40820e-01	2.26821e+06	1.00000e+00	9.85799e-08	1.49696e-22	7.93898e-06	0.00000e+00	0.00000e+00	1.20000e+00
2.678608701661e+16	6.84972e+13	1.00000e+00	1.40820e-01	2.17817e+06	1.00000e+00	1.03106e-07	1.62699e-22	8.40810e-06	0.00000e+00	0.00000e+00	1.20000e+00
2.685458425245e+16	6.62756e+13	1.00000e+00	1.40820e-01	2.09165e+06	1.00000e+00	1.07869e-07	1.76936e-22	8.91055e-06	0.00000e+00	0.00000e+00	1.20000e+00
2.692085984133e+16	6.40959e+13	1.00000e+00	1.40820e-01	2.00855e+06	1.00000e+00	1.12884e-07	1.92537e-22	9.44915e-06	0.00000e+00	0.00000e+00	1.20000e+00
2.698495570462e+16	6.19621e+13	1.00000e+00	1.40820e-01	1.92869e+06	1.00000e+00	1.18168e-07	2.09648e-22	1.00271e-05	0.00000e+00	0.00000e+00	1.20000e+00
2.704691783736e+16	5.98647e+13	1.00000e+00	1.40820e-01	1.85198e+06	1.00000e+00	1.23736e-07	2.28431e-22	1.06477e-05	0.00000e+00	0.00000e+00	1.20000e+00
2.710678253110e+16	5.78079e+13	1.00000e+00	1.40820e-01	1.77828e+06	1.00000e+00	1.29609e-07	2.49069e-22	1.13148e-05	0.00000e+00	0.00000e+00	1.20000e+00
2.716459045056e+16	5.57925e+13	1.00000e+00	1.40820e-01	1.70747e+06	1.00000e+00	1.35803e-07	2.71761e-22	1.20324e-05	0.00000e+00	0.00000e+00	1.20000e+00
2.722038299844e+16	5.38148e+13	1.00000e+00	1.40820e-01	1.63944e+06	1.00000e+00	1.42342e-07	2.96740e-22	1.28052e-05	0.00000e+00	0.00000e+00	1.20000e+00
2.727419777230e+16	5.18771e+13	1.00000e+00	1.40820e-01	1.57408e+06	1.00000e+00	1.49250e-07	3.24267e-22	1.36384e-05	0.00000e+00	0.00000e+00	1.20000e+00
2.732607484185e+16	4.99761e+13	1.00000e+00	1.40820e-01	1.51129e+06	1.00000e+00	1.56550e-07	3.54632e-22	1.45377e-05	0.00000e+00	0.00000e+00	1.20000e+00
2.737605092297e+16	4.81130e+13	1.00000e+00	1.40820e-01	1.45096e+06	1.00000e+00	1.64271e-07	3.88165e-22	1.55093e-05	0.00000e+00	0.00000e+00	1.20000e+00
2.742416387327e+16	4.62874e+13	1.00000e+00	1.40820e-01	1.39300e+06	1.00000e+00	1.72441e-07	4.25236e-22	1.65604e-05	0.00000e+00	0.00000e+00	1.20000e+00
2.747045130075e+16	4.44981e+13	1.00000e+00	1.40820e-01	1.33732e+06	1.00000e+00	1.81092e-07	4.66265e-22	1.76987e-05	0.00000e+00	0.00000e+00	1.20000e+00
2.751494942334e+16	4.27474e+13	1.00000e+00	1.40820e-01	1.28382e+06	1.00000e+00	1.90258e-07	5.11726e-22	1.89330e-05	0.00000e+00	0.00000e+00	1.20000e+00
2.755769686000e+16	4.10307e+13	1.00000e+00	1.40820e-01	1.23242e+06	1.00000e+00	1.99977e-07	5.62164e-22	2.02729e-05	0.00000e+00	0.00000e+00	1.20000e+00
2.759872755054e+16	3.93516e+13	1.00000e+00	1.40820e-01	1.18303e+06	1.00000e+00	2.10288e-07	6.18185e-22	2.17296e-05	0.00000e+00	0.00000e+00	1.20000e+00
2.763807911976e+16	3.77070e+13	1.00000e+00	1.40820e-01	1.13559e+06	1.00000e+00	2.21234e-07	6.80489e-22	2.33150e-05	0.00000e+00	0.00000e+00	1.20000e+00
2.767578615855e+16	3.60996e+13	1.00000e+00	1.40820e-01	1.09000e+06	1.00000e+00	2.32864e-07	7.49868e-22	2.50432e-05	0.00000e+00	0.00000e+00	1.20000e+00
2.771188574060e+16	3.45276e+13	1.00000e+00	1.40820e-01	1.04621e+06	1.00000e+00	2.45230e-07	8.27236e-22	2.69296e-05	0.00000e+00	0.00000e+00	1.20000e+00
2.774641330753e+16	3.29915e+13	1.00000e+00	1.40820e-01	1.00413e+06	1.00000e+00	2.58386e-07	9.13621e-22	2.89917e-05	0.00000e+00	0.00000e+00	1.20000e+00
2.777940482932e+16	3.14911e+13	1.00000e+00	1.40820e-01	9.63698e+05	1.00000e+00	2.72389e-07	1.01018e-21	3.12487e-05	0.00000e+00	0.00000e+00	1.20000e+00
2.781089594036e+16	3.00261e+13	1.00000e+00	1.40820e-01	9.24858e+05	1.00000e+00	2.87309e-07	1.11829e-21	3.37234e-05	0.00000e+00	0.00000e+00	1.20000e+00
2.784092208978e+16	2.85989e+13	1.00000e+00	1.40820e-01	8.87539e+05	1.00000e+00	3.03221e-07	1.23954e-21	3.64415e-05	0.00000e+00	0.00000e+00	1.20000e+00
2.786952101094e+16	2.72062e+13	1.00000e+00	1.40820e-01	8.51686e+05	1.00000e+00	3.20203e-07	1.37571e-21	3.94319e-05	0.00000e+00	0.00000e+00	1.20000e+00
2.789672719121e+16	2.58510e+13	1.00000e+00	1.40820e-01	8.17237e+05	1.00000e+00	3.38344e-07	1.52890e-21	4.27278e-05	0.00000e+00	0.00000e+00	1.19999e+00
2.792257820841e+16	2.45314e+13	1.00000e+00	1.40820e-01	7.84141e+05	1.00000e+00	3.57737e-07	1.70151e-21	4.63670e-05	0.00000e+00	0.00000e+00	1.19999e+00
2.794710955934e+16	2.32488e+13	1.00000e+00	1.40820e-01	7.52343e+05	1.00000e+00	3.78489e-07	1.89633e-21	5.03930e-05	0.00000e+00	0.00000e+00	1.19999e+00
2.797035831778e+16	2.20022e+13	1.00000e+00	1.40820e-01	7.21793e+05	1.00000e+00	4.00713e-07	2.11659e-21	5.48554e-05	0.00000e+00	0.00000e+00	1.19999e+00
2.799236052270e+16	2.07938e+13	1.00000e+00	1.40820e-01	6.92442e+05	1.00000e+00	4.24536e-07	2.36605e-21	5.98118e-05	0.00000e+00	0.00000e+00	1.19999e+00
2.801315429834e+16	1.96225e+13	1.00000e+00	1.40820e-01	6.64243e+05	1.00000e+00	4.50097e-07	2.64910e-21	6.53285e-05	0.00000e+00	0.00000e+00	1.19999e+00
2.803277683261e+16	1.84888e+13	1.00000e+00	1.40820e-01	6.37152e+05	1.00000e+00	4.77549e-07	2.97085e-21	7.14824e-05	0.00000e+00	0.00000e+00	1.19999e+00
2.805126564145e+16	1.73934e+13	1.00000e+00	1.40820e-01	6.11124e+05	9.99999e-01	5.07061e-07	3.33733e-21	7.83628e-05	0.00000e+00	0.00000e+00	1.19999e+00
2.806865902822e+16	1.63356e+13	1.00000e+00	1.40820e-01	5.86120e+05	9.99999e-01	5.38818e-07	3.75554e-21	8.60735e-05	0.00000e+00	0.00000e+00	1.19999e+00
2.808499462798e+16	1.53166e+13	1.00000e+00	1.40820e-01	5.62098e+05	9.99999e-01	5.73029e-07	4.23380e-21	9.47364e-05	0.00000e+00	0.00000e+00	1.19999e+00
2.810031124592e+16	1.43362e+13	1.00000e+00	1.40820e-01	5.39020e+05	9.99999e-01	6.09906e-07	4.78160e-21	1.04493e-04	0.00000e+00	0.00000e+00	1.19999e+00
2.811464743720e+16	1.33938e+13	1.00000e+00	1.40820e-01	5.16852e+05	9.99999e-01	6.49711e-07	5.41068e-21	1.15510e-04	0.00000e+00	0.00000e+00	1.19998e+00
2.812804120021e+16	1.24912e+13	1.00000e+00	1.40820e-01	4.95573e+05	9.99999e-01	6.92697e-07	6.13404e-21	1.27976e-04	0.00000e+00	0.00000e+00	1.19999e+00
2.814053244015e+16	1.16362e+13	1.00000e+00	1.40820e-01	4.75204e+05	9.99999e-01	7.39028e-07	6.96526e-21	1.42078e-04	0.00000e+00	0.00000e+00	1.19998e+00
2.815216861403e+16	1.08590e+13	1.00000e+00	1.40820e-01	4.55638e+05	9.99999e-01	7.89192e-07	7.92564e-21	1.58130e-04	0.00000e+00	0.00000e+00	1.19998e+00
2.816302765560e+16	1.01149e+13	1.00000e+00	1.40820e-01	4.36848e+05	9.99999e-01	8.43554e-07	9.03759e-21	1.76452e-04	0.00000e+00	0.00000e+00	1.19997e+00
2.817314255118e+16	9.40669e+12	1.00000e+00	1.40820e-01	4.18804e+05	9.99999e-01	9.02541e-07	1.03283e-20	1.97431e-04	0.00000e+00	0.00000e+00	1.19997e+00
2.818254924465e+16	8.73319e+12	1.00000e+00	1.40820e-01	4.01475e+05	9.99999e-01	9.66629e-07	1.18305e-20	2.21534e-04	0.00000e+00	0.00000e+00	1.19997e+00
2.819128243942e+16	8.09307e+12	1.00000e+00	1.40820e-01	3.84834e+05	9.99999e-01	1.03635e-06	1.35832e-20	2.49318e-04	0.00000e+00	0.00000e+00	1.19996e+00
2.819937551219e+16	7.48616e+12	1.00000e+00	1.40820e-01	3.68854e+05	9.99999e-01	1.11229e-06	1.56336e-20	2.81461e-04	0.00000e+00	0.00000e+00	1.19996e+00
2.820686167532e+16	6.91213e+12	1.00000e+00	1.40820e-01	3.53509e+05	9.99999e-01	1.19513e-06	1.80394e-20	3.18785e-04	0.00000e+00	0.00000e+00	1.19995e+00
2.821377380791e+16	6.36949e+12	1.00000e+00	1.40820e-01	3.38775e+05	9.99999e-01	1.28562e-06	2.08701e-20	3.62291e-04	0.00000e+00	0.00000e+00	1.19994e+00
2.822014329372e+16	5.85784e+12	1.00000e+00	1.40820e-01	3.24627e+05	9.99999e-01	1.38461e-06	2.42108e-20	4.13206e-04	0.00000e+00	0.00000e+00	1.19993e+00
2.822600113853e+16	5.37654e+12	1.00000e+00	1.40820e-01	3.11043e+05	9.99999e-01	1.49305e-06	2.81651e-20	4.73043e-04	0.00000e+00	0.00000e+00	1.19992e+00
2.823137767661e+16	4.92442e+12	1.00000e+00	1.40820e-01	2.98001e+05	9.99998e-01	1.61202e-06	3.28603e-20	5.43671e-04	0.00000e+00	0.00000e+00	1.19991e+00
2.823630209617e+16	4.50075e+12	1.00000e+00	1.40820e-01	2.85487e+05	9.99998e-01	1.74269e-06	3.84515e-20	6.27360e-04	0.00000e+00	0.00000e+00	1.19990e+00
2.824080285027e+16	4.10709e+12	1.00000e+00	1.40820e-01	2.73486e+05	9.99998e-01	1.88638e-06	4.51284e-20	7.26935e-04	0.00000e+00	0.00000e+00	1.19988e+00
2.824490993542e+16	3.74364e+12	1.00000e+00	1.40820e-01	2.61963e+05	9.99998e-01	2.04482e-06	5.31384e-20	8.46111e-04	0.00000e+00	0.00000e+00	1.19985e+00
2.824865357580e+16	3.40453e+12	1.00000e+00	1.40820e-01	2.50902e+05	9.99998e-01	2.21984e-06	6.27835e-20	9.89477e-04	0.00000e+00	0.00000e+00	1.19983e+00
2.825205810815e+16	3.08906e+12	1.00000e+00	1.40820e-01	2.40284e+05	9.99998e-01	2.41355e-06	7.44427e-20	1.16288e-03	0.00000e+00	0.00000e+00	1.19979e+00
2.825514716514e+16	2.79598e+12	1.00000e+00	1.40820e-01	2.30091e+05	9.99997e-01	2.62833e-06	8.85929e-20	1.37375e-03	0.00000e+00	0.00000e+00	1.19975e+00
2.825794314515e+16	2.52475e+12	1.00000e+00	1.40820e-01	2.20309e+05	9.99997e-01	2.86694e-06	1.05836e-19	1.63168e-03	0.00000e+00	0.00000e+00	1.19970e+00
2.826046789343e+16	2.27447e+12	1.00000e+00	1.40820e-01	2.10919e+05	9.99997e-01	3.13263e-06	1.26945e-19	1.94912e-03	0.00000e+00	0.00000e+00	1.19963e+00
2.826274236388e+16	2.04362e+12	1.00000e+00	1.40820e-01	2.01906e+05	9.99997e-01	3.42913e-06	1.52904e-19	2.34232e-03	0.00000e+00	0.00000e+00	1.19955e+00
2.826478598281e+16	1.83124e+12	1.00000e+00	1.40820e-01	1.93256e+05	9.99996e-01	3.76076e-06	1.84924e-19	2.83260e-03	0.00000e+00	0.00000e+00	1.19979e+00
2.826661722730e+16	1.63640e+12	1.00000e+00	1.40820e-01	1.84984e+05	9.99996e-01	4.13108e-06	2.24652e-19	3.44552e-03	0.00000e+00	0.00000e+00	1.19930e+00
2.826825362618e+16	1.46375e+12	1.00000e+00	1.40820e-01	1.76983e+05	9.99995e-01	4.55056e-06	2.74565e-19	4.22669e-03	0.00000e+00	0.00000e+00	1.19912e+00
2.826971737405e+16	1.29512e+12	1.00000e+00	1.40820e-01	1.69335e+05	9.99995e-01	5.02143e-06	3.36765e-19	5.21849e-03	0.00000e+00	0.00000e+00	1.19962e+00
2.827101249802e+16	1.14706e+12	1.00000e+00	1.40820e-01	1.62055e+05	9.99994e-01	5.54885e-06	4.15080e-19	6.48007e-03	0.00000e+00	0.00000e+00	1.19858e+00
2.827215955915e+16	1.02132e+12	1.00000e+00	1.40820e-01	1.54952e+05	9.99994e-01	6.15648e-06	5.15351e-19	8.14024e-03	0.00000e+00	0.00000e+00	1.19942e+00
2.827318088160e+16	8.91197e+11	1.00000e+00	1.40820e-01	1.48283e+05	9.99993e-01	6.83175e-06	6.41969e-19	1.02575e-02	0.00000e+00	0.00000e+00	1.19761e+00
2.827407207864e+16	7.92696e+11	1.00000e+00	1.40820e-01	1.41702e+05	9.99992e-01	7.62367e-06	8.07248e-19	1.31240e-02	0.00000e+00	0.00000e+00	1.19908e+00
2.827486477456e+16	6.82685e+11	1.00000e+00	1.40820e-01	1.35623e+05	9.99992e-01	8.49476e-06	1.01682e-18	1.67787e-02	0.00000e+00	0.00000e+00	1.19586e+00
2.827554745924e+16	6.09250e+11	1.00000e+00	1.40820e-01	1.29494e+05	9.99990e-01	9.54549e-06	1.30250e-18	2.19210e-02	0.00000e+00	0.00000e+00	1.19444e+00
2.827615670955e+16	5.14924e+11	1.00000e+00	1.40820e-01	1.23753e+05	9.99989e-01	1.07301e-05	1.67157e-18	2.87255e-02	0.00000e+00	0.00000e+00	1.19254e+00
2.827667163330e+16	4.43934e+11	1.00000e+00	1.40820e-01	1.18246e+05	9.99988e-01	1.20999e-05	2.14792e-18	3.79770e-02	0.00000e+00	0.00000e+00	1.19743e+00
2.827711556756e+16	3.81287e+11	1.00000e+00	1.40820e-01	1.13380e+05	9.99986e-01	1.35529e-05	2.73632e-18	4.94612e-02	0.00000e+00	0.00000e+00	1.19668e+00
2.827749685452e+16	3.55414e+11	1.00000e+00	1.40820e-01	1.08433e+05	9.99985e-01	1.53294e-05	3.56246e-18	6.58716e-02	0.00000e+00	0.00000e+00	1.19562e+00
2.827785226863e+16	3.11599e+11	1.00000e+00	1.40820e-01	1.03736e+05	9.99983e-01	1.73736e-05	4.67509e-18	8.79519e-02	0.00000e+00	0.00000e+00	1.19117e+00
2.827816386714e+16	2.75269e+11	1.00000e+00	1.40820e-01	9.91403e+04	9.99980e-01	1.98099e-05	6.21171e-18	1.18531e-01	0.00000e+00	0.00000e+00	1.18810e+00
2.827843913622e+16	2.37525e+11	1.00000e+00	1.40820e-01	9.49001e+04	9.99977e-01	2.25538e-05	8.23849e-18	1.57965e-01	0.00000e+00	0.00000e+00	1.18415e+00
2.827867666144e+16	2.12645e+11	1.00000e+00	1.40820e-01	9.09033e+04	9.99974e-01	2.57065e-05	1.08650e-17	2.08593e-01	0.00000e+00	0.00000e+00	1.18997e+00
2.827888930615e+16	1.93453e+11	1.00000e+00	1.40820e-01	8.75695e+04	9.99971e-01	2.88753e-05	1.41685e-17	2.63491e-01	0.00000e+00	0.00000e+00	1.17355e+00
2.827908275958e+16	2.03259e+11	1.00000e+00	1.40820e-01	8.35830e+04	9.99966e-01	3.34988e-05	1.96813e-17	3.46830e-01	0.00000e+00	0.00000e+00	1.16519e+00
2.827928601869e+16	1.70464e+11	1.00000e+00	1.40820e-01	8.02908e+04	9.99962e-01	3.82030e-05	2.63612e-17	4.30569e-01	0.00000e+00	0.00000e+00	1.15678e+00
2.827945648282e+16	1.66296e+11	1.00000e+00	1.40820e-01	7.72019e+04	9.99956e-01	4.35662e-05	3.53404e-17	5.19362e-01	0.00000e+00	0.00000e+00	1.14786e+00
2.827962277923e+16	1.66251e+11	1.00000e+00	1.40820e-01	7.42982e+04	9.99950e-01	4.96851e-05	4.74082e-17	6.07798e-01	0.00000e+00	0.00000e+00	1.13897e+00
2.827978903056e+16	1.70157e+11	1.00000e+00	1.40820e-01	7.15597e+04	9.99943e-01	5.66838e-05	6.36500e-17	6.90560e-01	0.00000e+00	0.00000e+00	1.13064e+00
2.827995918801e+16	1.77856e+11	1.00000e+00	1.40820e-01	6.89666e+04	9.99935e-01	6.47182e-05	8.55756e-17	7.63545e-01	0.00000e+00	0.00000e+00	1.12328e+00
2.828013704375e+16	1.89210e+11	1.00000e+00	1.40820e-01	6.65009e+04	9.99926e-01	7.39846e-05	1.15315e-16	8.24504e-01	0.00000e+00	0.00000e+00	1.11711e+00
2.828032625353e+16	2.04121e+11	1.00000e+00	1.40820e-01	6.41430e+04	9.99915e-01	8.47447e-05	1.57251e-16	8.73073e-01	0.00000e+00	0.00000e+00	1.10306e+00
2.828053037405e+16	2.22116e+11	1.00000e+00	1.40820e-01	6.16588e+04	9.99901e-01	9.86814e-05	2.18739e-16	9.13259e-01	0.00000e+00	0.00000e+00	1.10805e+00
2.828075248999e+16	2.20520e+11	1.00000e+00	1.40820e-01	5.96759e+04	9.99888e-01	1.12271e-04	2.92070e-16	9.37588e-01	0.00000e+00	0.00000e+00	1.10221e+00
2.828097300989e+16	2.65458e+11	1.00000e+00	1.40820e-01	5.74731e+04	9.99869e-01	1.30693e-04	4.08774e-16	9.57467e-01	0.00000e+00	0.00000e+00	1.10087e+00
2.828123846829e+16	2.77047e+11	1.00000e+00	1.40820e-01	5.54121e+04	9.99848e-01	1.52033e-04	5.71422e-16	9.70322e-01	0.00000e+00	0.00000e+00	1.09984e+00
2.828151551568e+16	2.97947e+11	1.00000e+00	1.40820e-01	5.33813e+04	9.99822e-01	1.78154e-04	8.04967e-16	9.78590e-01	0.00000e+00	0.00000e+00	1.10921e+00
2.828181346254e+16	3.13274e+11	1.00000e+00	1.40820e-01	5.16058e+04	9.99794e-01	2.06404e-04	1.12617e-15	9.82936e-01	0.00000e+00	0.00000e+00	1.09814e+00
2.828212673671e+16	3.64213e+11	1.00000e+00	1.40820e-01	4.93450e+04	9.99748e-01	2.52180e-04	1.75061e-15	9.85317e-01	0.00000e+00	0.00000e+00	1.10219e+00
2.828249094938e+16	3.17984e+11	1.00000e+00	1.40820e-01	4.74824e+04	9.99699e-01	3.01055e-04	2.61006e-15	9.84983e-01	0.00000e+00	0.00000e+00	1.09575e+00
2.828280893341e+16	3.24234e+11	1.00000e+00	1.40820e-01	4.54117e+04	9.99628e-01	3.71932e-04	4.16527e-15	9.82228e-01	0.00000e+00	0.00000e+00	1.09978e+00
2.828313316748e+16	2.84434e+11	1.00000e+00	1.40820e-01	4.36192e+04	9.99547e-01	4.52849e-04	6.46625e-15	9.77494e-01	0.00000e+00	0.00000e+00	1.09894e+00
2.828341760162e+16	2.76863e+11	1.00000e+00	1.40820e-01	4.17722e+04	9.99437e-01	5.63153e-04	1.05311e-14	9.69540e-01	0.00000e+00	0.00000e+00	1.09805e+00
2.828369446412e+16	2.50458e+11	1.00000e+00	1.40820e-01	3.99921e+04	9.99294e-01	7.06305e-04	1.74953e-14	9.57529e-01	0.00000e+00	0.00000e+00	1.09704e+00
2.828394492261e+16	2.25078e+11	1.00000e+00	1.40820e-01	3.82826e+04	9.99107e-01	8.93115e-04	2.96313e-14	9.39773e-01	0.00000e+00	0.00000e+00	1.09573e+00
2.828417000094e+16	2.01615e+11	1.00000e+00	1.40820e-01	3.66478e+04	9.98862e-01	1.13787e-03	5.12523e-14	9.13878e-01	0.00000e+00	0.00000e+00	1.09026e+00
2.828437161643e+16	1.80789e+11	1.00000e+00	1.40820e-01	3.50262e+04	9.98525e-01	1.47532e-03	9.21843e-14	8.74850e-01	0.00000e+00	0.00000e+00	1.08601e+00
2.828455240530e+16	1.56201e+11	1.00000e+00	1.40820e-01	3.35297e+04	9.98088e-01	1.91185e-03	1.65953e-13	8.21278e-01	0.00000e+00	0.00000e+00	1.08022e+00
2.828470860638e+16	1.39987e+11	1.00000e+00	1.40820e-01	3.21043e+04	9.97504e-01	2.49594e-03	3.02628e-13	7.48574e-01	0.00000e+00	0.00000e+00	1.08021e+00
2.828484859290e+16	1.26113e+11	1.00000e+00	1.40820e-01	3.08572e+04	9.96792e-01	3.20808e-03	5.40419e-13	6.63803e-01	0.00000e+00	0.00000e+00	1.06317e+00
2.828497470585e+16	1.24821e+11	1.00000e+00	1.40820e-01	2.94292e+04	9.95624e-01	4.37578e-03	1.14399e-12	5.42324e-01	0.00000e+00	0.00000e+00	1.04986e+00
2.828509952686e+16	1.02899e+11	1.00000e+00	1.40820e-01	2.81725e+04	9.94116e-01	5.88365e-03	2.45990e-12	4.20656e-01	0.00000e+00	0.00000e+00	1.03618e+00
2.828520242595e+16	9.22674e+10	1.00000e+00	1.40820e-01	2.69502e+04	9.91968e-01	8.03166e-03	5.47364e-12	3.01984e-01	0.00000e+00	0.00000e+00	1.02217e+00
2.828529469332e+16	8.13779e+10	1.00000e+00	1.40820e-01	2.57612e+04	9.88857e-01	1.11432e-02	1.26247e-11	2.00011e-01	0.00000e+00	0.00000e+00	1.00886e+00
2.828537607118e+16	7.05272e+10	1.00000e+00	1.40820e-01	2.46129e+04	9.84311e-01	1.56889e-02	3.00584e-11	1.23076e-01	0.00000e+00	0.00000e+00	9.96619e-01
2.828544659841e+16	6.04656e+10	1.00000e+00	1.40820e-01	2.35169e+04	9.77672e-01	2.23278e-02	7.32277e-11	7.14369e-02	0.00000e+00	0.00000e+00	9.84826e-01
2.828550706404e+16	5.18970e+10	1.00000e+00	1.40820e-01	2.24838e+04	9.68048e-01	3.19521e-02	1.80583e-10	3.98160e-02	0.00000e+00	0.00000e+00	9.72018e-01
2.828555896100e+16	4.51796e+10	1.00000e+00	1.40820e-01	2.15177e+04	9.54230e-01	4.57702e-02	4.47183e-10	2.16159e-02	0.00000e+00	0.00000e+00	9.56344e-01
2.828560414058e+16	4.02476e+10	1.00000e+00	1.40820e-01	2.06198e+04	9.34687e-01	6.53127e-02	1.10327e-09	1.15586e-02	0.00000e+00	0.00000e+00	9.35778e-01
2.828564438822e+16	3.69708e+10	1.00000e+00	1.40820e-01	1.97927e+04	9.07758e-01	9.22424e-02	2.68185e-09	6.15438e-03	0.00000e+00	0.00000e+00	9.08098e-01
2.828568135906e+16	3.53909e+10	1.00000e+00	1.40820e-01	1.90262e+04	8.71307e-01	1.28693e-01	6.43102e-09	3.26268e-03	0.00000e+00	0.00000e+00	8.71322e-01
2.828571674995e+16	3.51406e+10	1.00000e+00	1.40820e-01	1.83250e+04	8.24165e-01	1.75835e-01	1.49737e-08	1.74102e-03	0.00000e+00	0.00000e+00	8.24340e-01
2.828575189053e+16	3.67293e+10	1.00000e+00	1.40820e-01	1.76817e+04	7.65581e-01	2.34419e-01	3.37512e-08	9.35872e-04	0.00000e+00	0.00000e+00	7.65677e-01
2.828578861984e+16	4.03875e+10	1.00000e+00	1.40820e-01	1.70824e+04	6.95029e-01	3.04971e-01	7.41680e-08	5.02526e-04	0.00000e+00	0.00000e+00	6.95085e-01
2.828582900739e+16	4.60409e+10	1.00000e+00	1.40820e-01	1.65234e+04	6.14410e-01	3.85590e-01	1.57956e-07	2.69652e-04	0.00000e+00	0.00000e+00	6.14453e-01
2.828587504826e+16	5.44416e+10	1.00000e+00	1.40820e-01	1.59971e+04	5.26726e-01	4.73274e-01	3.26228e-07	1.43760e-04	0.00000e+00	0.00000e+00	5.26779e-01
2.828592948988e+16	6.61866e+10	1.00000e+00	1.40820e-01	1.55039e+04	4.37626e-01	5.62373e-01	6.47027e-07	7.63525e-05	0.00000e+00	0.00000e+00	4.36784e-01
2.828599567651e+16	8.32236e+10	1.00000e+00	1.40820e-01	1.50494e+04	3.54113e-01	6.45886e-01	1.21352e-06	4.08261e-05	0.00000e+00	0.00000e+00	3.51976e-01
2.828607890014e+16	1.10236e+11	1.00000e+00	1.40820e-01	1.45712e+04	2.70248e-01	7.29750e-01	2.33967e-06	2.00924e-05	0.00000e+00	0.00000e+00	2.70441e-01
2.828618913607e+16	1.34351e+11	1.00000e+00	1.40820e-01	1.41673e+04	2.06475e-01	7.93520e-01	4.03739e-06	1.05137e-05	0.00000e+00	0.00000e+00	2.06899e-01
2.828632348729e+16	1.88520e+11	1.00000e+00	1.40820e-01	1.37652e+04	1.51864e-01	8.48129e-01	6.85905e-06	5.23298e-06	0.00000e+00	0.00000e+00	1.52000e-01
2.828651200755e+16	2.58116e+11	1.00000e+00	1.40820e-01	1.33886e+04	1.09763e-01	8.90226e-01	1.11742e-05	2.57862e-06	0.00000e+00	0.00000e+00	1.10489e-01
2.828677012396e+16	3.67042e+11	1.00000e+00	1.40820e-01	1.30264e+04	7.75048e-02	9.22478e-01	1.76026e-05	1.22269e-06	0.00000e+00	0.00000e+00	7.73346e-02
2.828713716576e+16	5.28100e+11	1.00000e+00	1.40820e-01	1.26913e+04	5.43602e-02	9.45613e-01	2.64968e-05	5.77906e-07	0.00000e+00	0.00000e+00	5.44170e-02
2.828766526572e+16	8.00039e+11	1.00000e+00	1.40820e-01	1.23714e+04	3.75677e-02	9.62394e-01	3.79832e-05	2.64427e-07	0.00000e+00	0.00000e+00	3.75783e-02
2.828846530520e+16	1.23741e+12	1.00000e+00	1.40820e-01	1.20659e+04	2.56876e-02	9.74261e-01	5.09783e-05	1.17751e-07	0.00000e+00	0.00000e+00	2.57894e-02
2.828970271361e+16	1.95534e+12	1.00000e+00	1.40820e-01	1.17741e+04	1.74942e-02	9.82443e-01	6.22225e-05	5.08774e-08	0.00000e+00	0.00000e+00	1.74732e-02
2.829165805580e+16	3.15547e+12	1.00000e+00	1.40820e-01	1.14925e+04	1.19115e-02	9.88020e-01	6.88139e-05	2.14830e-08	0.00000e+00	0.00000e+00	1.18946e-02
2.829481352930e+16	5.15042e+12	1.00000e+00	1.40820e-01	1.12199e+04	8.14883e-03	9.91782e-01	6.91662e-05	8.87676e-09	0.00000e+00	0.00000e+00	8.12595e-03
2.829996394738e+16	8.48134e+12	1.00000e+00	1.40820e-01	1.09543e+04	5.58889e-03	9.94347e-01	6.42892e-05	3.57532e-09	0.00000e+00	0.00000e+00	5.55403e-03
2.830844528576e+16	1.39885e+13	1.00000e+00	1.40820e-01	1.06931e+04	3.83612e-03	9.96107e-01	5.70399e-05	1.41300e-09	0.00000e+00	0.00000e+00	3.84008e-03
2.832243376406e+16	2.29100e+13	1.00000e+00	1.40820e-01	1.04364e+04	2.63284e-03	9.97319e-01	4.84492e-05	5.41362e-10	0.00000e+00	0.00000e+00	2.63672e-03
2.834534381293e+16	3.72608e+13	1.00000e+00	1.40820e-01	1.01821e+04	1.80032e-03	9.98160e-01	4.00579e-05	2.00927e-10	0.00000e+00	0.00000e+00	1.80210e-03
2.838260458000e+16	5.96644e+13	1.00000e+00	1.40820e-01	9.92758e+03	1.22473e-03	9.98743e-01	3.26023e-05	7.19900e-11	0.00000e+00	0.00000e+00	1.22596e-03
2.844226901307e+16	5.96644e+13	1.00000e+00	1.40820e-01	9.74285e+03	9.24712e-04	9.99047e-01	2.79496e-05	3.35330e-11	0.00000e+00	0.00000e+00	9.25523e-04
