#elapsed time	time step 	scale cont	scalingDen	<T>	<H+/H rad>	<H0/H rad>	<2*H2/H rad>	<He+/He rad>	<CO/H>	<redshift>	<ne/nH>
0.000000000000e+00	0.00000e+00	1.00000e+00	1.41558e-01	1.00000e+08	1.00000e+00	2.00054e-09	1.22350e-25	1.04408e-07	0.00000e+00	0.00000e+00	1.20325e+00
0.000000000000e+00	0.00000e+00	1.00000e+00	1.41558e-01	1.00000e+08	1.00000e+00	2.00054e-09	1.22315e-25	1.04408e-07	0.00000e+00	0.00000e+00	1.20355e+00
0.000000000000e+00	0.00000e+00	1.00000e+00	1.41558e-01	1.00000e+08	1.00000e+00	2.00054e-09	1.22307e-25	1.04408e-07	0.00000e+00	0.00000e+00	1.20362e+00
1.561103482503e+12	3.12221e+12	1.00000e+00	1.41558e-01	9.99788e+07	1.00000e+00	2.00098e-09	1.22352e-25	1.04433e-07	0.00000e+00	0.00000e+00	1.20365e+00
4.683310447508e+12	6.24441e+12	1.00000e+00	1.41558e-01	9.99388e+07	1.00000e+00	2.00182e-09	1.22446e-25	1.04479e-07	0.00000e+00	0.00000e+00	1.20365e+00
1.092772437752e+13	1.24888e+13	1.00000e+00	1.41558e-01	9.98587e+07	1.00000e+00	2.00350e-09	1.22633e-25	1.04573e-07	0.00000e+00	0.00000e+00	1.20365e+00
2.341655223754e+13	2.49777e+13	1.00000e+00	1.41558e-01	9.96985e+07	1.00000e+00	2.00686e-09	1.23008e-25	1.04760e-07	0.00000e+00	0.00000e+00	1.20365e+00
4.839420795759e+13	4.99553e+13	1.00000e+00	1.41558e-01	9.93787e+07	1.00000e+00	2.01362e-09	1.23763e-25	1.05136e-07	0.00000e+00	0.00000e+00	1.20365e+00
9.834951939768e+13	9.99106e+13	1.00000e+00	1.41558e-01	9.87412e+07	1.00000e+00	2.02723e-09	1.25289e-25	1.05894e-07	0.00000e+00	0.00000e+00	1.20365e+00
1.982601422779e+14	1.99821e+14	1.00000e+00	1.41558e-01	9.74740e+07	1.00000e+00	2.05481e-09	1.28407e-25	1.07430e-07	0.00000e+00	0.00000e+00	1.20365e+00
3.980813880382e+14	3.99642e+14	1.00000e+00	1.41558e-01	9.49709e+07	1.00000e+00	2.11147e-09	1.34923e-25	1.10589e-07	0.00000e+00	0.00000e+00	1.20365e+00
7.977238795589e+14	6.06521e+14	1.00000e+00	1.41558e-01	9.12441e+07	1.00000e+00	2.20166e-09	1.45592e-25	1.15628e-07	0.00000e+00	0.00000e+00	1.20365e+00
1.404245307551e+15	5.93977e+14	1.00000e+00	1.41558e-01	8.76630e+07	1.00000e+00	2.29563e-09	1.57095e-25	1.20890e-07	0.00000e+00	0.00000e+00	1.20365e+00
1.998222548908e+15	5.81611e+14	1.00000e+00	1.41558e-01	8.42222e+07	1.00000e+00	2.39354e-09	1.69496e-25	1.26384e-07	0.00000e+00	0.00000e+00	1.20365e+00
2.579833679466e+15	5.69455e+14	1.00000e+00	1.41558e-01	8.09162e+07	1.00000e+00	2.49554e-09	1.82863e-25	1.32120e-07	0.00000e+00	0.00000e+00	1.20365e+00
3.149288359012e+15	5.57506e+14	1.00000e+00	1.41558e-01	7.77396e+07	1.00000e+00	2.60180e-09	1.97272e-25	1.38109e-07	0.00000e+00	0.00000e+00	1.20365e+00
3.706793887939e+15	5.45746e+14	1.00000e+00	1.41558e-01	7.46874e+07	1.00000e+00	2.71249e-09	2.12801e-25	1.44362e-07	0.00000e+00	0.00000e+00	1.20364e+00
4.252539940966e+15	5.34175e+14	1.00000e+00	1.41558e-01	7.17557e+07	1.00000e+00	2.82775e-09	2.29533e-25	1.50887e-07	0.00000e+00	0.00000e+00	1.20364e+00
4.786714801776e+15	5.22981e+14	1.00000e+00	1.41558e-01	6.89380e+07	1.00000e+00	2.94786e-09	2.47570e-25	1.57702e-07	0.00000e+00	0.00000e+00	1.20364e+00
5.309695434191e+15	5.11806e+14	1.00000e+00	1.41558e-01	6.62306e+07	1.00000e+00	3.07296e-09	2.67006e-25	1.64815e-07	0.00000e+00	0.00000e+00	1.20364e+00
5.821501682678e+15	5.00815e+14	1.00000e+00	1.41558e-01	6.36292e+07	1.00000e+00	3.20328e-09	2.87949e-25	1.72240e-07	0.00000e+00	0.00000e+00	1.20364e+00
6.322316295174e+15	4.89991e+14	1.00000e+00	1.41558e-01	6.11298e+07	1.00000e+00	3.33900e-09	3.10516e-25	1.79991e-07	0.00000e+00	0.00000e+00	1.20364e+00
6.812306835350e+15	4.79360e+14	1.00000e+00	1.41558e-01	5.87282e+07	1.00000e+00	3.48036e-09	3.34830e-25	1.88082e-07	0.00000e+00	0.00000e+00	1.20364e+00
7.291667043468e+15	4.68895e+14	1.00000e+00	1.41558e-01	5.64207e+07	1.00000e+00	3.62759e-09	3.61023e-25	1.96527e-07	0.00000e+00	0.00000e+00	1.20364e+00
7.760562012754e+15	4.58594e+14	1.00000e+00	1.41558e-01	5.42035e+07	1.00000e+00	3.78095e-09	3.89247e-25	2.05342e-07	0.00000e+00	0.00000e+00	1.20364e+00
8.219156133632e+15	4.48444e+14	1.00000e+00	1.41558e-01	5.20732e+07	1.00000e+00	3.94067e-09	4.19651e-25	2.14544e-07	0.00000e+00	0.00000e+00	1.20364e+00
8.667600510770e+15	4.38470e+14	1.00000e+00	1.41558e-01	5.00262e+07	1.00000e+00	4.10702e-09	4.52403e-25	2.24149e-07	0.00000e+00	0.00000e+00	1.20364e+00
9.106070778867e+15	4.28622e+14	1.00000e+00	1.41558e-01	4.80594e+07	1.00000e+00	4.28025e-09	4.87682e-25	2.34174e-07	0.00000e+00	0.00000e+00	1.20364e+00
9.534692984091e+15	4.18949e+14	1.00000e+00	1.41558e-01	4.61695e+07	1.00000e+00	4.46066e-09	5.25681e-25	2.44639e-07	0.00000e+00	0.00000e+00	1.20364e+00
9.953641508684e+15	4.09390e+14	1.00000e+00	1.41558e-01	4.43537e+07	1.00000e+00	4.64853e-09	5.66608e-25	2.55561e-07	0.00000e+00	0.00000e+00	1.20364e+00
1.036303178094e+16	3.99994e+14	1.00000e+00	1.41558e-01	4.26089e+07	1.00000e+00	4.84418e-09	6.10689e-25	2.66963e-07	0.00000e+00	0.00000e+00	1.20364e+00
1.076302603038e+16	3.90716e+14	1.00000e+00	1.41558e-01	4.09323e+07	1.00000e+00	5.04794e-09	6.58165e-25	2.78864e-07	0.00000e+00	0.00000e+00	1.20364e+00
1.115374173885e+16	3.81557e+14	1.00000e+00	1.41558e-01	3.93213e+07	1.00000e+00	5.26012e-09	7.09291e-25	2.91287e-07	0.00000e+00	0.00000e+00	1.20363e+00
1.153529829346e+16	3.72519e+14	1.00000e+00	1.41558e-01	3.77733e+07	1.00000e+00	5.48109e-09	7.64352e-25	3.04256e-07	0.00000e+00	0.00000e+00	1.20363e+00
1.190781685154e+16	3.63613e+14	1.00000e+00	1.41558e-01	3.62858e+07	1.00000e+00	5.71120e-09	8.23650e-25	3.17795e-07	0.00000e+00	0.00000e+00	1.20363e+00
1.227143034834e+16	3.54793e+14	1.00000e+00	1.41558e-01	3.48565e+07	1.00000e+00	5.95082e-09	8.87511e-25	3.31930e-07	0.00000e+00	0.00000e+00	1.20363e+00
1.262622301795e+16	3.46099e+14	1.00000e+00	1.41558e-01	3.34830e+07	1.00000e+00	6.20040e-09	9.56284e-25	3.46690e-07	0.00000e+00	0.00000e+00	1.20363e+00
1.297232199624e+16	3.37477e+14	1.00000e+00	1.41558e-01	3.21631e+07	1.00000e+00	6.46031e-09	1.03034e-24	3.62101e-07	0.00000e+00	0.00000e+00	1.20363e+00
1.330979920445e+16	3.28951e+14	1.00000e+00	1.41558e-01	3.08947e+07	1.00000e+00	6.73102e-09	1.11011e-24	3.78195e-07	0.00000e+00	0.00000e+00	1.20363e+00
1.363875026825e+16	3.20497e+14	1.00000e+00	1.41558e-01	2.96759e+07	1.00000e+00	7.01299e-09	1.19602e-24	3.95004e-07	0.00000e+00	0.00000e+00	1.20363e+00
1.395924776265e+16	3.12131e+14	1.00000e+00	1.41558e-01	2.85045e+07	1.00000e+00	7.30668e-09	1.28856e-24	4.12561e-07	0.00000e+00	0.00000e+00	1.20363e+00
1.427137857825e+16	3.03822e+14	1.00000e+00	1.41558e-01	2.73788e+07	1.00000e+00	7.61261e-09	1.38823e-24	4.30903e-07	0.00000e+00	0.00000e+00	1.20363e+00
1.457520047400e+16	2.95562e+14	1.00000e+00	1.41558e-01	2.62967e+07	1.00000e+00	7.93132e-09	1.49559e-24	4.50067e-07	0.00000e+00	0.00000e+00	1.20363e+00
1.487076198180e+16	2.87318e+14	1.00000e+00	1.41558e-01	2.52568e+07	1.00000e+00	8.26335e-09	1.61124e-24	4.70094e-07	0.00000e+00	0.00000e+00	1.20363e+00
1.515808000613e+16	2.79126e+14	1.00000e+00	1.41558e-01	2.42572e+07	1.00000e+00	8.60930e-09	1.73585e-24	4.91026e-07	0.00000e+00	0.00000e+00	1.20363e+00
1.543720610971e+16	2.70935e+14	1.00000e+00	1.41558e-01	2.32963e+07	1.00000e+00	8.96978e-09	1.87011e-24	5.12909e-07	0.00000e+00	0.00000e+00	1.20362e+00
1.570814066250e+16	2.62750e+14	1.00000e+00	1.41558e-01	2.23726e+07	1.00000e+00	9.34547e-09	2.01480e-24	5.35790e-07	0.00000e+00	0.00000e+00	1.20362e+00
1.597089080942e+16	2.54573e+14	1.00000e+00	1.41558e-01	2.14846e+07	1.00000e+00	9.73709e-09	2.17075e-24	5.59723e-07	0.00000e+00	0.00000e+00	1.20362e+00
1.622546387058e+16	2.46364e+14	1.00000e+00	1.41558e-01	2.06308e+07	1.00000e+00	1.01454e-08	2.33890e-24	5.84764e-07	0.00000e+00	0.00000e+00	1.20362e+00
1.647182777577e+16	2.38116e+14	1.00000e+00	1.41558e-01	1.98098e+07	1.00000e+00	1.05711e-08	2.52019e-24	6.10971e-07	0.00000e+00	0.00000e+00	1.20362e+00
1.670994424671e+16	2.29828e+14	1.00000e+00	1.41558e-01	1.90204e+07	1.00000e+00	1.10151e-08	2.71574e-24	6.38408e-07	0.00000e+00	0.00000e+00	1.20362e+00
1.693977188697e+16	2.21485e+14	1.00000e+00	1.41558e-01	1.82611e+07	1.00000e+00	1.14782e-08	2.92671e-24	6.67144e-07	0.00000e+00	0.00000e+00	1.20361e+00
1.716125699922e+16	2.13081e+14	1.00000e+00	1.41558e-01	1.75309e+07	1.00000e+00	1.19616e-08	3.15441e-24	6.97251e-07	0.00000e+00	0.00000e+00	1.20361e+00
1.737433842549e+16	2.04614e+14	1.00000e+00	1.41558e-01	1.68284e+07	1.00000e+00	1.24661e-08	3.40024e-24	7.28806e-07	0.00000e+00	0.00000e+00	1.20361e+00
1.757895230434e+16	1.96084e+14	1.00000e+00	1.41558e-01	1.61528e+07	1.00000e+00	1.29927e-08	3.66567e-24	7.61889e-07	0.00000e+00	0.00000e+00	1.20361e+00
1.777503671245e+16	1.87530e+14	1.00000e+00	1.41558e-01	1.55031e+07	1.00000e+00	1.35426e-08	3.95235e-24	7.96587e-07	0.00000e+00	0.00000e+00	1.20360e+00
1.796256691779e+16	1.78967e+14	1.00000e+00	1.41558e-01	1.48782e+07	1.00000e+00	1.41166e-08	4.26200e-24	8.32985e-07	0.00000e+00	0.00000e+00	1.20360e+00
1.814153429857e+16	1.70456e+14	1.00000e+00	1.41558e-01	1.42775e+07	1.00000e+00	1.47159e-08	4.59641e-24	8.71166e-07	0.00000e+00	0.00000e+00	1.20360e+00
1.831199020720e+16	1.62062e+14	1.00000e+00	1.41558e-01	1.37004e+07	1.00000e+00	1.53412e-08	4.95746e-24	9.11213e-07	0.00000e+00	0.00000e+00	1.20359e+00
1.847405246580e+16	1.53885e+14	1.00000e+00	1.41558e-01	1.31462e+07	1.00000e+00	1.59934e-08	5.34711e-24	9.53201e-07	0.00000e+00	0.00000e+00	1.20359e+00
1.862793769978e+16	1.46022e+14	1.00000e+00	1.41558e-01	1.26144e+07	1.00000e+00	1.66733e-08	5.76741e-24	9.97212e-07	0.00000e+00	0.00000e+00	1.20358e+00
1.877395933250e+16	1.38545e+14	1.00000e+00	1.41558e-01	1.21045e+07	1.00000e+00	1.73816e-08	6.22044e-24	1.04332e-06	0.00000e+00	0.00000e+00	1.20358e+00
1.891250415454e+16	1.31540e+14	1.00000e+00	1.41558e-01	1.16156e+07	1.00000e+00	1.81191e-08	6.70857e-24	1.09161e-06	0.00000e+00	0.00000e+00	1.20357e+00
1.904404425781e+16	1.25029e+14	1.00000e+00	1.41558e-01	1.11473e+07	1.00000e+00	1.88867e-08	7.23423e-24	1.14218e-06	0.00000e+00	0.00000e+00	1.20356e+00
1.916907301479e+16	1.19034e+14	1.00000e+00	1.41558e-01	1.06985e+07	1.00000e+00	1.96856e-08	7.80026e-24	1.19514e-06	0.00000e+00	0.00000e+00	1.20356e+00
1.928810691503e+16	1.13512e+14	1.00000e+00	1.41558e-01	1.02686e+07	1.00000e+00	2.05170e-08	8.40973e-24	1.25061e-06	0.00000e+00	0.00000e+00	1.20355e+00
1.940161885398e+16	1.08441e+14	1.00000e+00	1.41558e-01	9.85656e+06	1.00000e+00	2.13823e-08	9.06598e-24	1.30872e-06	0.00000e+00	0.00000e+00	1.20355e+00
1.951006018770e+16	1.03767e+14	1.00000e+00	1.41558e-01	9.46165e+06	1.00000e+00	2.22831e-08	9.77280e-24	1.36962e-06	0.00000e+00	0.00000e+00	1.20354e+00
1.961382751588e+16	9.94472e+13	1.00000e+00	1.41558e-01	9.08309e+06	1.00000e+00	2.32209e-08	1.05341e-23	1.43347e-06	0.00000e+00	0.00000e+00	1.20354e+00
1.971327468161e+16	9.54455e+13	1.00000e+00	1.41558e-01	8.71931e+06	1.00000e+00	2.41997e-08	1.13564e-23	1.50060e-06	0.00000e+00	0.00000e+00	1.20351e+00
1.980872016971e+16	9.15069e+13	1.00000e+00	1.41558e-01	8.37164e+06	1.00000e+00	2.52156e-08	1.22393e-23	1.57081e-06	0.00000e+00	0.00000e+00	1.20350e+00
1.990022706697e+16	8.81367e+13	1.00000e+00	1.41558e-01	8.03814e+06	1.00000e+00	2.62739e-08	1.31908e-23	1.64452e-06	0.00000e+00	0.00000e+00	1.20350e+00
1.998836378478e+16	8.49726e+13	1.00000e+00	1.41558e-01	7.71809e+06	1.00000e+00	2.73770e-08	1.42167e-23	1.72197e-06	0.00000e+00	0.00000e+00	1.20349e+00
2.007333633761e+16	8.19649e+13	1.00000e+00	1.41558e-01	7.41090e+06	1.00000e+00	2.85268e-08	1.53234e-23	1.80337e-06	0.00000e+00	0.00000e+00	1.20349e+00
2.015530124298e+16	7.90964e+13	1.00000e+00	1.41558e-01	7.11601e+06	1.00000e+00	2.97259e-08	1.65174e-23	1.88897e-06	0.00000e+00	0.00000e+00	1.20348e+00
2.023439767453e+16	7.63473e+13	1.00000e+00	1.41558e-01	6.83283e+06	1.00000e+00	3.09768e-08	1.78063e-23	1.97907e-06	0.00000e+00	0.00000e+00	1.20347e+00
2.031074497357e+16	7.36876e+13	1.00000e+00	1.41558e-01	6.56087e+06	1.00000e+00	3.22822e-08	1.91984e-23	2.07395e-06	0.00000e+00	0.00000e+00	1.20347e+00
2.038443259116e+16	7.11049e+13	1.00000e+00	1.41558e-01	6.29961e+06	1.00000e+00	3.36451e-08	2.07026e-23	2.17393e-06	0.00000e+00	0.00000e+00	1.20346e+00
2.045553748688e+16	6.85805e+13	1.00000e+00	1.41558e-01	6.04861e+06	1.00000e+00	3.50684e-08	2.23285e-23	2.27935e-06	0.00000e+00	0.00000e+00	1.20345e+00
2.052411802349e+16	6.61057e+13	1.00000e+00	1.41558e-01	5.80742e+06	1.00000e+00	3.65554e-08	2.40872e-23	2.39058e-06	0.00000e+00	0.00000e+00	1.20345e+00
2.059022372079e+16	6.36693e+13	1.00000e+00	1.41558e-01	5.57574e+06	1.00000e+00	3.81089e-08	2.59894e-23	2.50796e-06	0.00000e+00	0.00000e+00	1.20344e+00
2.065389300620e+16	6.12906e+13	1.00000e+00	1.41558e-01	5.35311e+06	1.00000e+00	3.97328e-08	2.80484e-23	2.63190e-06	0.00000e+00	0.00000e+00	1.20343e+00
2.071518361115e+16	5.89505e+13	1.00000e+00	1.41558e-01	5.13914e+06	1.00000e+00	4.14312e-08	3.02785e-23	2.76293e-06	0.00000e+00	0.00000e+00	1.20342e+00
2.077413410768e+16	5.66343e+13	1.00000e+00	1.41558e-01	4.93344e+06	1.00000e+00	4.32083e-08	3.26958e-23	2.90155e-06	0.00000e+00	0.00000e+00	1.20341e+00
2.083076843089e+16	5.43330e+13	1.00000e+00	1.41558e-01	4.73567e+06	1.00000e+00	4.50690e-08	3.53177e-23	3.04833e-06	0.00000e+00	0.00000e+00	1.20340e+00
2.088510146677e+16	5.20396e+13	1.00000e+00	1.41558e-01	4.54548e+06	1.00000e+00	4.70180e-08	3.81640e-23	3.20389e-06	0.00000e+00	0.00000e+00	1.20339e+00
2.093714107176e+16	4.97503e+13	1.00000e+00	1.41558e-01	4.36257e+06	1.00000e+00	4.90607e-08	4.12555e-23	3.36888e-06	0.00000e+00	0.00000e+00	1.20338e+00
2.098689139439e+16	4.74644e+13	1.00000e+00	1.41558e-01	4.18666e+06	1.00000e+00	5.12026e-08	4.46162e-23	3.54402e-06	0.00000e+00	0.00000e+00	1.20337e+00
2.103435581516e+16	4.51861e+13	1.00000e+00	1.41558e-01	4.01746e+06	1.00000e+00	5.34498e-08	4.82724e-23	3.73010e-06	0.00000e+00	0.00000e+00	1.20336e+00
2.107954195936e+16	4.29144e+13	1.00000e+00	1.41558e-01	3.85467e+06	1.00000e+00	5.58092e-08	5.22537e-23	3.92802e-06	0.00000e+00	0.00000e+00	1.20335e+00
2.112245634776e+16	4.06464e+13	1.00000e+00	1.41558e-01	3.69804e+06	1.00000e+00	5.82879e-08	5.65939e-23	4.13873e-06	0.00000e+00	0.00000e+00	1.20334e+00
2.116310276422e+16	3.83860e+13	1.00000e+00	1.41558e-01	3.54736e+06	1.00000e+00	6.08930e-08	6.13280e-23	4.36322e-06	0.00000e+00	0.00000e+00	1.20332e+00
2.120148872899e+16	3.61496e+13	1.00000e+00	1.41558e-01	3.40244e+06	1.00000e+00	6.36320e-08	6.64955e-23	4.60258e-06	0.00000e+00	0.00000e+00	1.20330e+00
2.123763836093e+16	3.39484e+13	1.00000e+00	1.41558e-01	3.26303e+06	1.00000e+00	6.65138e-08	7.21421e-23	4.85806e-06	0.00000e+00	0.00000e+00	1.20328e+00
2.127158679864e+16	3.17839e+13	1.00000e+00	1.41558e-01	3.12894e+06	1.00000e+00	6.95475e-08	7.83170e-23	5.13097e-06	0.00000e+00	0.00000e+00	1.20326e+00
2.130337068961e+16	2.96667e+13	1.00000e+00	1.41558e-01	2.99996e+06	1.00000e+00	7.27429e-08	8.50769e-23	5.42274e-06	0.00000e+00	0.00000e+00	1.20324e+00
2.133303741245e+16	2.75999e+13	1.00000e+00	1.41558e-01	2.87590e+06	1.00000e+00	7.61111e-08	9.24844e-23	5.73508e-06	0.00000e+00	0.00000e+00	1.20321e+00
2.136063728496e+16	2.55918e+13	1.00000e+00	1.41558e-01	2.75655e+06	1.00000e+00	7.96646e-08	1.00612e-22	6.06987e-06	0.00000e+00	0.00000e+00	1.20319e+00
2.138622909327e+16	2.36445e+13	1.00000e+00	1.41558e-01	2.64174e+06	1.00000e+00	8.34165e-08	1.09542e-22	6.42917e-06	0.00000e+00	0.00000e+00	1.20316e+00
2.140987355545e+16	2.17607e+13	1.00000e+00	1.41558e-01	2.53124e+06	1.00000e+00	8.73822e-08	1.19367e-22	6.81535e-06	0.00000e+00	0.00000e+00	1.20313e+00
2.143163420812e+16	1.99407e+13	1.00000e+00	1.41558e-01	2.42489e+06	1.00000e+00	9.15787e-08	1.30196e-22	7.23111e-06	0.00000e+00	0.00000e+00	1.20310e+00
2.145157492655e+16	1.81851e+13	1.00000e+00	1.41558e-01	2.32248e+06	1.00000e+00	9.60248e-08	1.42150e-22	7.67942e-06	0.00000e+00	0.00000e+00	1.20308e+00
2.146976007215e+16	1.64966e+13	1.00000e+00	1.41558e-01	2.22389e+06	1.00000e+00	1.00739e-07	1.55365e-22	8.16347e-06	0.00000e+00	0.00000e+00	1.20305e+00
2.148625668954e+16	1.48851e+13	1.00000e+00	1.41558e-01	2.12906e+06	1.00000e+00	1.05738e-07	1.69985e-22	8.68648e-06	0.00000e+00	0.00000e+00	1.20302e+00
2.150114183366e+16	1.33675e+13	1.00000e+00	1.41558e-01	2.03916e+06	1.00000e+00	1.10964e-07	1.85918e-22	9.24369e-06	0.00000e+00	0.00000e+00	1.20307e+00
2.151450929570e+16	1.21288e+13	1.00000e+00	1.41558e-01	1.95195e+06	1.00000e+00	1.16559e-07	2.03740e-22	9.85198e-06	0.00000e+00	0.00000e+00	1.20304e+00
2.152663808397e+16	1.08578e+13	1.00000e+00	1.41558e-01	1.86862e+06	1.00000e+00	1.22464e-07	2.23388e-22	1.05070e-05	0.00000e+00	0.00000e+00	1.20301e+00
2.153749583769e+16	9.73917e+12	1.00000e+00	1.41558e-01	1.78932e+06	1.00000e+00	1.28673e-07	2.44974e-22	1.12099e-05	0.00000e+00	0.00000e+00	1.20298e+00
2.154723500457e+16	8.79052e+12	1.00000e+00	1.41558e-01	1.71399e+06	1.00000e+00	1.35186e-07	2.68636e-22	1.19626e-05	0.00000e+00	0.00000e+00	1.20295e+00
2.155602552866e+16	8.00093e+12	1.00000e+00	1.41558e-01	1.64246e+06	1.00000e+00	1.42017e-07	2.94571e-22	1.27687e-05	0.00000e+00	0.00000e+00	1.20292e+00
2.156402645788e+16	7.34798e+12	1.00000e+00	1.41558e-01	1.57445e+06	1.00000e+00	1.49186e-07	3.23022e-22	1.36332e-05	0.00000e+00	0.00000e+00	1.20289e+00
2.157137443831e+16	6.80416e+12	1.00000e+00	1.41558e-01	1.50968e+06	1.00000e+00	1.56722e-07	3.54282e-22	1.45618e-05	0.00000e+00	0.00000e+00	1.20286e+00
2.157817859361e+16	6.34431e+12	1.00000e+00	1.41558e-01	1.44791e+06	1.00000e+00	1.64657e-07	3.88690e-22	1.55613e-05	0.00000e+00	0.00000e+00	1.20284e+00
2.158452290384e+16	5.94809e+12	1.00000e+00	1.41558e-01	1.38889e+06	1.00000e+00	1.73025e-07	4.26641e-22	1.66393e-05	0.00000e+00	0.00000e+00	1.20281e+00
2.159047098993e+16	5.59944e+12	1.00000e+00	1.41558e-01	1.33244e+06	1.00000e+00	1.81863e-07	4.68570e-22	1.78045e-05	0.00000e+00	0.00000e+00	1.20279e+00
2.159607043319e+16	5.28690e+12	1.00000e+00	1.41558e-01	1.27839e+06	1.00000e+00	1.91211e-07	5.14986e-22	1.90662e-05	0.00000e+00	0.00000e+00	1.20277e+00
2.160135733419e+16	5.00126e+12	1.00000e+00	1.41558e-01	1.22659e+06	1.00000e+00	2.01111e-07	5.66451e-22	2.04348e-05	0.00000e+00	0.00000e+00	1.20274e+00
2.160635859519e+16	4.73695e+12	1.00000e+00	1.41558e-01	1.17694e+06	1.00000e+00	2.11601e-07	6.23603e-22	2.19211e-05	0.00000e+00	0.00000e+00	1.20267e+00
2.161109554578e+16	4.49196e+12	1.00000e+00	1.41558e-01	1.12933e+06	1.00000e+00	2.22729e-07	6.87120e-22	2.35384e-05	0.00000e+00	0.00000e+00	1.20265e+00
2.161558750978e+16	4.26161e+12	1.00000e+00	1.41558e-01	1.08370e+06	1.00000e+00	2.34533e-07	7.57760e-22	2.52987e-05	0.00000e+00	0.00000e+00	1.20263e+00
2.161984912275e+16	4.04846e+12	1.00000e+00	1.41558e-01	1.03995e+06	1.00000e+00	2.47063e-07	8.36431e-22	2.72176e-05	0.00000e+00	0.00000e+00	1.20261e+00
2.162389758085e+16	3.84994e+12	1.00000e+00	1.41558e-01	9.98029e+05	1.00000e+00	2.60368e-07	9.24117e-22	2.93114e-05	0.00000e+00	0.00000e+00	1.20259e+00
2.162774752095e+16	3.66594e+12	1.00000e+00	1.41558e-01	9.57852e+05	1.00000e+00	2.74496e-07	1.02191e-21	3.15980e-05	0.00000e+00	0.00000e+00	1.20258e+00
2.163141346375e+16	3.49598e+12	1.00000e+00	1.41558e-01	9.19343e+05	1.00000e+00	2.89514e-07	1.13114e-21	3.40994e-05	0.00000e+00	0.00000e+00	1.20256e+00
2.163490943947e+16	3.33844e+12	1.00000e+00	1.41558e-01	8.82413e+05	1.00000e+00	3.05495e-07	1.25335e-21	3.68410e-05	0.00000e+00	0.00000e+00	1.20254e+00
2.163824788099e+16	3.19079e+12	1.00000e+00	1.41558e-01	8.46965e+05	1.00000e+00	3.22528e-07	1.39041e-21	3.98529e-05	0.00000e+00	0.00000e+00	1.20252e+00
2.164143867549e+16	3.04951e+12	1.00000e+00	1.41558e-01	8.12904e+05	1.00000e+00	3.40714e-07	1.54447e-21	4.31707e-05	0.00000e+00	0.00000e+00	1.20251e+00
2.164448818616e+16	2.91122e+12	1.00000e+00	1.41558e-01	7.80116e+05	1.00000e+00	3.60187e-07	1.71828e-21	4.68394e-05	0.00000e+00	0.00000e+00	1.20249e+00
2.164739940648e+16	2.77065e+12	1.00000e+00	1.41558e-01	7.48541e+05	1.00000e+00	3.81066e-07	1.91483e-21	5.09064e-05	0.00000e+00	0.00000e+00	1.20248e+00
2.165017005931e+16	2.62729e+12	1.00000e+00	1.41558e-01	7.18109e+05	1.00000e+00	4.03500e-07	2.13776e-21	5.54293e-05	0.00000e+00	0.00000e+00	1.20246e+00
2.165279734767e+16	2.47984e+12	1.00000e+00	1.41558e-01	6.88768e+05	1.00000e+00	4.27642e-07	2.39124e-21	6.04735e-05	0.00000e+00	0.00000e+00	1.20244e+00
2.165527718563e+16	2.32859e+12	1.00000e+00	1.41558e-01	6.60489e+05	1.00000e+00	4.53650e-07	2.68013e-21	6.61125e-05	0.00000e+00	0.00000e+00	1.20243e+00
2.165760577297e+16	2.17545e+12	1.00000e+00	1.41558e-01	6.33262e+05	1.00000e+00	4.81674e-07	3.00975e-21	7.24266e-05	0.00000e+00	0.00000e+00	1.20241e+00
2.165978122616e+16	2.02395e+12	1.00000e+00	1.41558e-01	6.07093e+05	1.00000e+00	5.11858e-07	3.38610e-21	7.95030e-05	0.00000e+00	0.00000e+00	1.20239e+00
2.166180517164e+16	1.87814e+12	1.00000e+00	1.41558e-01	5.81991e+05	1.00000e+00	5.44335e-07	3.81579e-21	8.74371e-05	1.40130e-44	0.00000e+00	1.20237e+00
2.166368330841e+16	1.74172e+12	1.00000e+00	1.41558e-01	5.57951e+05	1.00000e+00	5.79248e-07	4.30639e-21	9.63373e-05	2.80260e-44	0.00000e+00	1.20236e+00
2.166542503014e+16	1.61702e+12	1.00000e+00	1.41558e-01	5.34956e+05	1.00000e+00	6.16756e-07	4.86664e-21	1.06331e-04	8.40779e-44	0.00000e+00	1.20234e+00
2.166704204840e+16	1.50468e+12	1.00000e+00	1.41558e-01	5.12958e+05	1.00000e+00	6.57090e-07	5.50756e-21	1.17575e-04	2.38221e-43	0.00000e+00	1.20232e+00
2.166854673125e+16	1.40352e+12	1.00000e+00	1.41558e-01	4.91915e+05	1.00000e+00	7.00494e-07	6.24190e-21	1.30254e-04	6.72623e-43	0.00000e+00	1.20230e+00
2.166995024763e+16	1.31238e+12	1.00000e+00	1.41558e-01	4.71748e+05	1.00000e+00	7.47323e-07	7.08628e-21	1.44610e-04	1.90577e-42	0.00000e+00	1.20228e+00
2.167126262312e+16	1.22794e+12	1.00000e+00	1.41558e-01	4.52380e+05	1.00000e+00	7.98005e-07	8.06115e-21	1.60941e-04	5.52112e-42	0.00000e+00	1.20227e+00
2.167249056495e+16	1.14725e+12	1.00000e+00	1.41558e-01	4.33744e+05	9.99999e-01	8.53034e-07	9.19162e-21	1.79615e-04	1.63391e-41	0.00000e+00	1.20225e+00
2.167363781539e+16	1.06806e+12	1.00000e+00	1.41558e-01	4.15777e+05	9.99999e-01	9.12994e-07	1.05090e-20	2.01085e-04	4.92416e-41	0.00000e+00	1.20223e+00
2.167470587768e+16	9.88648e+11	1.00000e+00	1.41558e-01	3.98431e+05	9.99999e-01	9.78544e-07	1.20516e-20	2.25905e-04	7.49297e-39	0.00000e+00	1.20220e+00
2.167569452552e+16	9.08347e+11	1.00000e+00	1.41558e-01	3.81671e+05	9.99999e-01	1.05041e-06	1.38657e-20	2.54746e-04	7.78102e-39	0.00000e+00	1.20218e+00
2.167660287300e+16	8.27447e+11	1.00000e+00	1.41558e-01	3.65486e+05	9.99999e-01	1.12933e-06	1.60068e-20	2.88403e-04	8.73606e-39	0.00000e+00	1.20216e+00
2.167743032020e+16	7.47411e+11	1.00000e+00	1.41558e-01	3.49884e+05	9.99999e-01	1.21605e-06	1.85394e-20	3.27791e-04	1.17617e-38	0.00000e+00	1.20213e+00
2.167817773075e+16	6.70428e+11	1.00000e+00	1.41558e-01	3.34884e+05	9.99999e-01	1.31125e-06	2.15379e-20	3.73966e-04	2.11275e-38	0.00000e+00	1.20210e+00
2.167884815886e+16	5.98726e+11	1.00000e+00	1.41558e-01	3.20509e+05	9.99999e-01	1.41563e-06	2.50883e-20	4.28146e-04	4.95647e-38	0.00000e+00	1.20206e+00
2.167944688475e+16	5.33967e+11	1.00000e+00	1.41558e-01	3.06775e+05	9.99999e-01	1.52985e-06	2.92876e-20	4.91743e-04	1.34226e-37	0.00000e+00	1.20212e+00
2.167998085214e+16	4.77067e+11	1.00000e+00	1.41558e-01	2.93697e+05	9.99999e-01	1.65451e-06	3.42539e-20	5.66351e-04	3.81050e-37	0.00000e+00	1.20209e+00
2.168045791947e+16	4.28569e+11	1.00000e+00	1.41558e-01	2.81241e+05	9.99999e-01	1.79076e-06	4.01383e-20	6.54120e-04	1.08854e-36	0.00000e+00	1.20205e+00
2.168088648870e+16	3.87065e+11	1.00000e+00	1.41558e-01	2.69396e+05	9.99998e-01	1.93951e-06	4.71116e-20	7.57445e-04	3.07953e-36	0.00000e+00	1.20201e+00
2.168127355352e+16	3.52114e+11	1.00000e+00	1.41558e-01	2.58131e+05	9.99998e-01	2.10199e-06	5.53951e-20	8.79319e-04	8.59492e-36	0.00000e+00	1.20184e+00
2.168162566719e+16	3.22750e+11	1.00000e+00	1.41558e-01	2.47399e+05	9.99998e-01	2.27991e-06	6.52561e-20	1.02360e-03	2.36817e-35	0.00000e+00	1.20178e+00
2.168194841685e+16	2.97608e+11	1.00000e+00	1.41558e-01	2.37195e+05	9.99998e-01	2.47445e-06	7.70005e-20	1.19440e-03	6.43257e-35	0.00000e+00	1.20173e+00
2.168224602494e+16	2.76705e+11	1.00000e+00	1.41558e-01	2.27470e+05	9.99997e-01	2.68778e-06	9.10448e-20	1.39736e-03	1.72749e-34	0.00000e+00	1.20166e+00
2.168252272948e+16	2.58888e+11	1.00000e+00	1.41558e-01	2.18193e+05	9.99997e-01	2.92211e-06	1.07889e-19	1.63909e-03	4.58987e-34	0.00000e+00	1.20160e+00
2.168278161794e+16	2.43576e+11	1.00000e+00	1.41558e-01	2.09337e+05	9.99997e-01	3.17999e-06	1.28155e-19	1.92765e-03	1.20725e-33	0.00000e+00	1.20152e+00
2.168302519405e+16	2.30292e+11	1.00000e+00	1.41558e-01	2.00875e+05	9.99997e-01	3.46425e-06	1.52619e-19	2.27271e-03	3.14433e-33	0.00000e+00	1.20144e+00
2.168325548560e+16	2.18678e+11	1.00000e+00	1.41558e-01	1.92785e+05	9.99996e-01	3.77820e-06	1.82250e-19	2.68589e-03	8.11074e-33	0.00000e+00	1.20136e+00
2.168347416349e+16	2.08443e+11	1.00000e+00	1.41558e-01	1.85044e+05	9.99996e-01	4.12562e-06	2.18270e-19	3.18107e-03	2.07198e-32	0.00000e+00	1.20127e+00
2.168368260599e+16	1.99316e+11	1.00000e+00	1.41558e-01	1.77634e+05	9.99995e-01	4.51080e-06	2.62215e-19	3.77451e-03	5.23986e-32	0.00000e+00	1.20116e+00
2.168388192246e+16	1.91123e+11	1.00000e+00	1.41558e-01	1.70538e+05	9.99995e-01	4.93860e-06	3.16020e-19	4.48516e-03	1.31106e-31	0.00000e+00	1.20105e+00
2.168407304550e+16	1.83725e+11	1.00000e+00	1.41558e-01	1.63739e+05	9.99994e-01	5.41472e-06	3.82061e-19	5.33478e-03	3.24359e-31	0.00000e+00	1.20126e+00
2.168425677032e+16	1.76988e+11	1.00000e+00	1.41558e-01	1.57247e+05	9.99994e-01	5.94362e-06	4.63354e-19	6.34518e-03	7.91403e-31	0.00000e+00	1.20114e+00
2.168443375783e+16	1.71479e+11	1.00000e+00	1.41558e-01	1.51004e+05	9.99993e-01	6.53636e-06	5.64365e-19	7.54834e-03	1.91151e-30	0.00000e+00	1.20101e+00
2.168460523728e+16	1.65890e+11	1.00000e+00	1.41558e-01	1.45018e+05	9.99993e-01	7.19982e-06	6.90232e-19	8.96917e-03	4.54627e-30	0.00000e+00	1.20046e+00
2.168477112743e+16	1.60776e+11	1.00000e+00	1.41558e-01	1.39258e+05	9.99992e-01	7.94712e-06	8.47934e-19	1.06405e-02	1.06554e-29	0.00000e+00	1.20026e+00
2.168493190386e+16	1.55459e+11	1.00000e+00	1.41558e-01	1.33758e+05	9.99991e-01	8.78353e-06	1.04475e-18	1.25820e-02	2.44575e-29	0.00000e+00	1.20047e+00
2.168508736246e+16	1.51249e+11	1.00000e+00	1.41558e-01	1.28511e+05	9.99990e-01	9.72051e-06	1.29196e-18	1.48235e-02	5.50661e-29	0.00000e+00	1.20023e+00
2.168523861123e+16	1.48162e+11	1.00000e+00	1.41558e-01	1.23457e+05	9.99989e-01	1.07819e-05	1.60661e-18	1.74032e-02	1.22054e-28	0.00000e+00	1.19951e+00
2.168538677330e+16	1.44786e+11	1.00000e+00	1.41558e-01	1.18591e+05	9.99988e-01	1.19874e-05	2.00804e-18	2.03373e-02	2.65134e-28	0.00000e+00	1.19919e+00
2.168553155911e+16	1.41132e+11	1.00000e+00	1.41558e-01	1.13950e+05	9.99986e-01	1.33465e-05	2.51880e-18	2.36242e-02	5.61231e-28	0.00000e+00	1.19884e+00
2.168567269094e+16	1.38608e+11	1.00000e+00	1.41558e-01	1.09502e+05	9.99985e-01	1.48888e-05	3.17465e-18	2.72900e-02	1.16272e-27	0.00000e+00	1.19845e+00
2.168581129940e+16	1.36482e+11	1.00000e+00	1.41558e-01	1.05237e+05	9.99983e-01	1.66433e-05	4.02112e-18	3.13414e-02	2.35585e-27	0.00000e+00	1.19803e+00
2.168594778188e+16	1.34726e+11	1.00000e+00	1.41558e-01	1.01149e+05	9.99981e-01	1.86441e-05	5.11951e-18	3.57798e-02	4.66691e-27	0.00000e+00	1.19756e+00
2.168608250822e+16	1.33324e+11	1.00000e+00	1.41558e-01	9.72271e+04	9.99979e-01	2.09318e-05	6.55304e-18	4.06021e-02	9.04028e-27	0.00000e+00	1.19706e+00
2.168621583177e+16	1.32216e+11	1.00000e+00	1.41558e-01	9.34649e+04	9.99976e-01	2.35547e-05	8.43488e-18	4.57998e-02	1.71287e-26	0.00000e+00	1.19651e+00
2.168634804739e+16	1.31388e+11	1.00000e+00	1.41558e-01	8.98548e+04	9.99973e-01	2.65705e-05	1.09205e-17	5.13615e-02	3.17641e-26	0.00000e+00	1.19593e+00
2.168647943587e+16	1.30808e+11	1.00000e+00	1.41558e-01	8.63895e+04	9.99969e-01	3.00483e-05	1.42213e-17	5.72743e-02	5.77056e-26	0.00000e+00	1.19564e+00
2.168661024365e+16	1.30441e+11	1.00000e+00	1.41558e-01	8.30731e+04	9.99965e-01	3.40571e-05	1.86273e-17	6.35184e-02	1.02718e-25	0.00000e+00	1.19497e+00
2.168674068463e+16	1.30697e+11	1.00000e+00	1.41558e-01	7.98748e+04	9.99961e-01	3.87272e-05	2.45842e-17	7.01002e-02	1.79805e-25	0.00000e+00	1.19427e+00
2.168687138118e+16	1.30561e+11	1.00000e+00	1.41558e-01	7.68009e+04	9.99955e-01	4.41677e-05	3.26711e-17	7.69753e-02	3.09035e-25	0.00000e+00	1.19353e+00
2.168700194169e+16	1.30484e+11	1.00000e+00	1.41558e-01	7.38460e+04	9.99949e-01	5.05281e-05	4.37344e-17	8.41221e-02	5.22141e-25	0.00000e+00	1.19277e+00
2.168713242585e+16	1.30438e+11	1.00000e+00	1.41558e-01	7.10043e+04	9.99942e-01	5.79923e-05	5.89898e-17	9.15193e-02	8.68163e-25	0.00000e+00	1.19199e+00
2.168726286346e+16	1.30365e+11	1.00000e+00	1.41558e-01	6.82708e+04	9.99933e-01	6.67848e-05	8.01969e-17	9.91444e-02	1.42170e-24	0.00000e+00	1.19118e+00
2.168739322852e+16	1.30237e+11	1.00000e+00	1.41558e-01	6.56407e+04	9.99922e-01	7.71830e-05	1.09928e-16	1.06975e-01	2.29469e-24	0.00000e+00	1.19035e+00
2.168752346531e+16	1.30016e+11	1.00000e+00	1.41558e-01	6.31095e+04	9.99910e-01	8.95300e-05	1.51974e-16	1.14989e-01	3.65281e-24	0.00000e+00	1.18950e+00
2.168765348126e+16	1.29666e+11	1.00000e+00	1.41558e-01	6.06730e+04	9.99895e-01	1.04253e-04	2.11974e-16	1.23164e-01	5.73811e-24	0.00000e+00	1.18863e+00
2.168778314740e+16	1.29155e+11	1.00000e+00	1.41558e-01	5.83274e+04	9.99878e-01	1.21880e-04	2.98438e-16	1.31473e-01	8.89938e-24	0.00000e+00	1.18746e+00
2.168791230286e+16	1.28471e+11	1.00000e+00	1.41558e-01	5.60630e+04	9.99856e-01	1.43137e-04	4.24337e-16	1.39899e-01	1.36448e-23	0.00000e+00	1.18685e+00
2.168804077427e+16	1.27227e+11	1.00000e+00	1.41558e-01	5.38968e+04	9.99831e-01	1.68646e-04	6.08298e-16	1.48387e-01	2.06557e-23	0.00000e+00	1.18560e+00
2.168816800152e+16	1.26618e+11	1.00000e+00	1.41558e-01	5.17964e+04	9.99800e-01	1.99784e-04	8.82510e-16	1.56972e-01	3.10240e-23	0.00000e+00	1.18464e+00
2.168829461966e+16	1.24897e+11	1.00000e+00	1.41558e-01	4.97805e+04	9.99762e-01	2.37597e-04	1.29187e-15	1.65571e-01	4.61419e-23	0.00000e+00	1.18366e+00
2.168841951703e+16	1.23374e+11	1.00000e+00	1.41558e-01	4.78391e+04	9.99716e-01	2.83847e-04	1.91089e-15	1.74185e-01	6.81889e-23	0.00000e+00	1.18266e+00
2.168854289080e+16	1.21601e+11	1.00000e+00	1.41558e-01	4.59688e+04	9.99659e-01	3.40657e-04	2.85536e-15	1.82795e-01	1.00355e-22	0.00000e+00	1.18214e+00
2.168866449197e+16	1.19551e+11	1.00000e+00	1.41558e-01	4.41765e+04	9.99589e-01	4.10329e-04	4.30675e-15	1.91363e-01	1.47292e-22	0.00000e+00	1.18059e+00
2.168878404306e+16	1.17870e+11	1.00000e+00	1.41558e-01	4.24301e+04	9.99502e-01	4.97383e-04	6.58532e-15	1.99916e-01	2.16903e-22	0.00000e+00	1.17952e+00
2.168890191298e+16	1.14547e+11	1.00000e+00	1.41558e-01	4.07568e+04	9.99395e-01	6.04854e-04	1.01451e-14	2.08329e-01	3.19667e-22	0.00000e+00	1.17843e+00
2.168901646039e+16	1.11601e+11	1.00000e+00	1.41558e-01	3.91445e+04	9.99261e-01	7.38403e-04	1.57744e-14	2.16624e-01	4.73735e-22	0.00000e+00	1.17732e+00
2.168912806099e+16	1.08383e+11	1.00000e+00	1.41558e-01	3.75917e+04	9.99095e-01	9.04377e-04	2.47239e-14	2.24776e-01	7.06937e-22	0.00000e+00	1.17619e+00
2.168923644355e+16	1.04951e+11	1.00000e+00	1.41558e-01	3.60968e+04	9.98889e-01	1.11043e-03	3.89829e-14	2.32773e-01	1.06306e-21	0.00000e+00	1.17600e+00
2.168934139500e+16	1.01371e+11	1.00000e+00	1.41558e-01	3.46738e+04	9.98636e-01	1.36334e-03	6.16016e-14	2.40592e-01	1.60764e-21	0.00000e+00	1.17490e+00
2.168944276581e+16	9.87987e+10	1.00000e+00	1.41558e-01	3.32938e+04	9.98323e-01	1.67695e-03	9.79475e-14	2.48307e-01	2.45443e-21	0.00000e+00	1.17375e+00
2.168954156455e+16	9.53464e+10	1.00000e+00	1.41558e-01	3.19697e+04	9.97939e-01	2.05996e-03	1.55621e-13	2.55849e-01	3.75831e-21	0.00000e+00	1.17255e+00
2.168963691094e+16	9.20858e+10	1.00000e+00	1.41558e-01	3.07006e+04	9.97476e-01	2.52347e-03	2.46672e-13	2.63218e-01	5.75764e-21	0.00000e+00	1.16999e+00
2.168972899677e+16	8.91065e+10	1.00000e+00	1.41558e-01	2.94701e+04	9.96917e-01	3.08279e-03	4.00205e-13	2.70444e-01	8.95897e-21	0.00000e+00	1.16859e+00
2.168981810327e+16	8.53593e+10	1.00000e+00	1.41558e-01	2.83097e+04	9.96261e-01	3.73856e-03	6.66042e-13	2.77465e-01	1.42122e-20	0.00000e+00	1.16851e+00
2.168990346256e+16	8.33025e+10	1.00000e+00	1.41558e-01	2.72172e+04	9.95495e-01	4.50396e-03	1.10709e-12	2.84403e-01	2.27264e-20	0.00000e+00	1.16697e+00
2.168998676507e+16	8.30122e+10	1.00000e+00	1.41558e-01	2.61581e+04	9.94594e-01	5.40506e-03	1.83826e-12	2.91401e-01	3.65796e-20	0.00000e+00	1.16529e+00
2.169006977727e+16	8.20111e+10	1.00000e+00	1.41558e-01	2.51481e+04	9.93560e-01	6.43927e-03	3.01516e-12	2.98387e-01	5.84230e-20	0.00000e+00	1.16197e+00
2.169015178839e+16	8.16742e+10	1.00000e+00	1.41558e-01	2.41705e+04	9.92377e-01	7.62270e-03	4.89288e-12	3.05424e-01	9.25507e-20	0.00000e+00	1.15996e+00
2.169023346258e+16	8.07781e+10	1.00000e+00	1.41558e-01	2.32530e+04	9.91056e-01	8.94349e-03	7.79072e-12	3.12456e-01	1.44138e-19	0.00000e+00	1.15782e+00
2.169031424071e+16	8.18894e+10	1.00000e+00	1.41558e-01	2.23775e+04	9.89565e-01	1.04345e-02	1.22826e-11	3.19660e-01	2.22591e-19	0.00000e+00	1.15687e+00
2.169039613013e+16	8.37206e+10	1.00000e+00	1.41558e-01	2.15534e+04	9.87897e-01	1.21031e-02	1.91633e-11	3.27074e-01	3.40149e-19	0.00000e+00	1.15289e+00
2.169047985069e+16	8.75865e+10	1.00000e+00	1.41558e-01	2.07421e+04	9.85999e-01	1.40008e-02	2.98664e-11	3.34883e-01	5.18365e-19	0.00000e+00	1.15003e+00
2.169056743722e+16	8.95660e+10	1.00000e+00	1.41558e-01	1.99791e+04	9.83911e-01	1.60883e-02	4.58142e-11	3.42919e-01	7.76556e-19	0.00000e+00	1.14829e+00
2.169065700317e+16	9.38109e+10	1.00000e+00	1.41558e-01	1.92596e+04	9.81589e-01	1.84107e-02	6.97460e-11	3.51349e-01	1.15126e-18	0.00000e+00	1.14357e+00
2.169075081411e+16	1.00448e+11	1.00000e+00	1.41558e-01	1.85509e+04	9.78957e-01	2.10426e-02	1.06277e-10	3.60396e-01	1.70144e-18	0.00000e+00	1.14110e+00
2.169085126197e+16	1.05171e+11	1.00000e+00	1.41558e-01	1.78917e+04	9.76073e-01	2.39270e-02	1.59826e-10	3.69841e-01	2.47139e-18	0.00000e+00	1.13568e+00
2.169095643288e+16	1.14185e+11	1.00000e+00	1.41558e-01	1.72419e+04	9.72806e-01	2.71933e-02	2.40973e-10	3.80050e-01	3.57612e-18	0.00000e+00	1.13106e+00
2.169107061761e+16	1.21188e+11	1.00000e+00	1.41558e-01	1.66283e+04	9.69208e-01	3.07914e-02	3.59624e-10	3.90817e-01	5.09739e-18	0.00000e+00	1.12734e+00
2.169119180530e+16	1.31359e+11	1.00000e+00	1.41558e-01	1.60478e+04	9.65191e-01	3.48082e-02	5.34692e-10	4.02337e-01	7.19402e-18	0.00000e+00	1.12045e+00
2.169132316441e+16	1.45269e+11	1.00000e+00	1.41558e-01	1.54744e+04	9.60620e-01	3.93791e-02	7.98385e-10	4.14888e-01	1.01234e-17	0.00000e+00	1.11552e+00
2.169146843382e+16	1.56819e+11	1.00000e+00	1.41558e-01	1.49398e+04	9.55580e-01	4.44199e-02	1.18069e-09	4.28136e-01	1.40384e-17	0.00000e+00	1.10723e+00
2.169162525237e+16	1.75288e+11	1.00000e+00	1.41558e-01	1.44102e+04	9.49825e-01	5.01750e-02	1.75596e-09	4.42562e-01	1.94474e-17	0.00000e+00	1.10088e+00
2.169180054044e+16	1.90771e+11	1.00000e+00	1.41558e-01	1.39169e+04	9.43471e-01	5.65288e-02	2.58418e-09	4.57713e-01	2.65704e-17	0.00000e+00	1.09078e+00
2.169199131158e+16	2.15292e+11	1.00000e+00	1.41558e-01	1.34260e+04	9.36194e-01	6.38058e-02	3.81288e-09	4.74120e-01	3.62122e-17	0.00000e+00	1.08267e+00
2.169220660331e+16	2.35526e+11	1.00000e+00	1.41558e-01	1.29699e+04	9.28158e-01	7.18416e-02	5.56303e-09	4.91161e-01	4.87838e-17	0.00000e+00	1.07203e+00
2.169244212968e+16	2.67913e+11	1.00000e+00	1.41558e-01	1.25220e+04	9.18959e-01	8.10402e-02	8.15791e-09	5.09341e-01	6.58774e-17	0.00000e+00	1.05998e+00
2.169271004288e+16	2.99562e+11	1.00000e+00	1.41558e-01	1.20903e+04	9.08644e-01	9.13552e-02	1.19275e-08	5.28151e-01	8.87557e-17	0.00000e+00	1.04656e+00
2.169300960514e+16	3.35622e+11	1.00000e+00	1.41558e-01	1.16737e+04	8.97121e-01	1.02879e-01	1.73789e-08	5.47310e-01	1.19343e-16	0.00000e+00	1.02936e+00
2.169334522735e+16	3.76167e+11	1.00000e+00	1.41558e-01	1.12612e+04	8.84225e-01	1.15775e-01	2.53166e-08	5.66557e-01	1.61058e-16	0.00000e+00	1.01518e+00
2.169372139404e+16	4.10742e+11	1.00000e+00	1.41558e-01	1.08832e+04	8.70261e-01	1.29738e-01	3.63436e-08	5.84980e-01	2.16048e-16	0.00000e+00	9.97430e-01
2.169413213564e+16	4.73108e+11	1.00000e+00	1.41558e-01	1.05068e+04	8.54429e-01	1.45570e-01	5.24500e-08	6.02961e-01	2.92843e-16	0.00000e+00	9.74572e-01
2.169460524358e+16	5.28258e+11	1.00000e+00	1.41558e-01	1.01297e+04	8.36989e-01	1.63011e-01	7.55771e-08	6.19484e-01	4.00246e-16	0.00000e+00	9.55813e-01
2.169513350170e+16	5.67621e+11	1.00000e+00	1.41558e-01	9.78938e+03	8.18646e-01	1.81354e-01	1.07307e-07	6.33489e-01	5.44208e-16	0.00000e+00	9.33111e-01
2.169570112308e+16	5.67621e+11	1.00000e+00	1.41558e-01	9.48706e+03	8.00789e-01	1.99211e-01	1.47072e-07	6.44146e-01	7.22012e-16	0.00000e+00	9.07895e-01
