#elapsed time	time step 	scale cont	scalingDen	<T>	<H+/H rad>	<H0/H rad>	<2*H2/H rad>	<He+/He rad>	<CO/H>	<redshift>	<ne/nH>
0.000000000000e+00	0.00000e+00	1.00000e+00	1.41465e-01	1.00000e+08	1.00000e+00	2.00054e-09	1.22363e-25	1.04408e-07	0.00000e+00	0.00000e+00	1.20378e+00
0.000000000000e+00	0.00000e+00	1.00000e+00	1.41457e-01	1.00000e+08	1.00000e+00	2.00054e-09	1.22382e-25	1.04408e-07	0.00000e+00	0.00000e+00	1.20367e+00
0.000000000000e+00	0.00000e+00	1.00000e+00	1.41459e-01	1.00000e+08	1.00000e+00	2.00054e-09	1.22383e-25	1.04408e-07	0.00000e+00	0.00000e+00	1.20364e+00
1.562178694075e+12	3.12436e+12	1.00000e+00	1.41483e-01	9.99981e+07	1.00000e+00	2.00057e-09	1.22372e-25	1.04410e-07	0.00000e+00	0.00000e+00	1.20361e+00
4.686536082225e+12	6.24871e+12	1.00000e+00	1.41539e-01	1.00023e+08	1.00000e+00	2.00006e-09	1.22296e-25	1.04382e-07	0.00000e+00	0.00000e+00	1.20346e+00
1.093525085852e+13	1.24974e+13	1.00000e+00	1.41629e-01	1.00002e+08	1.00000e+00	2.00050e-09	1.22267e-25	1.04406e-07	0.00000e+00	0.00000e+00	1.20343e+00
2.343268041112e+13	2.49949e+13	1.00000e+00	1.41743e-01	9.99085e+07	1.00000e+00	2.00245e-09	1.22390e-25	1.04515e-07	0.00000e+00	0.00000e+00	1.20345e+00
4.842753951632e+13	4.99897e+13	1.00000e+00	1.42043e-01	9.97539e+07	1.00000e+00	2.00570e-09	1.22522e-25	1.04695e-07	0.00000e+00	0.00000e+00	1.20335e+00
9.841725772672e+13	9.99794e+13	1.00000e+00	1.42579e-01	9.93576e+07	1.00000e+00	2.01407e-09	1.23006e-25	1.05161e-07	0.00000e+00	0.00000e+00	1.20350e+00
1.983966941475e+14	1.99959e+14	1.00000e+00	1.43350e-01	9.84137e+07	1.00000e+00	2.03429e-09	1.24613e-25	1.06287e-07	0.00000e+00	0.00000e+00	1.20369e+00
3.983555669891e+14	3.99918e+14	1.00000e+00	1.46066e-01	9.70185e+07	1.00000e+00	2.06490e-09	1.25835e-25	1.07992e-07	0.00000e+00	0.00000e+00	1.20362e+00
7.982733126722e+14	7.99835e+14	1.00000e+00	1.50944e-01	9.38079e+07	1.00000e+00	2.13884e-09	1.30129e-25	1.12117e-07	0.00000e+00	0.00000e+00	1.20342e+00
1.598108804039e+15	9.34795e+14	1.00000e+00	1.57349e-01	8.99987e+07	1.00000e+00	2.23348e-09	1.35433e-25	1.17409e-07	0.00000e+00	0.00000e+00	1.20339e+00
2.532903806172e+15	8.83429e+14	1.00000e+00	1.64065e-01	8.63124e+07	1.00000e+00	2.33313e-09	1.40990e-25	1.22992e-07	0.00000e+00	0.00000e+00	1.20338e+00
3.416333082941e+15	8.27412e+14	1.00000e+00	1.71057e-01	8.27833e+07	1.00000e+00	2.43692e-09	1.46737e-25	1.28822e-07	0.00000e+00	0.00000e+00	1.20339e+00
4.243745461417e+15	7.76342e+14	1.00000e+00	1.78352e-01	7.93985e+07	1.00000e+00	2.54523e-09	1.52687e-25	1.34920e-07	0.00000e+00	0.00000e+00	1.20339e+00
5.020087168962e+15	7.28443e+14	1.00000e+00	1.85956e-01	7.61490e+07	1.00000e+00	2.65836e-09	1.58865e-25	1.41303e-07	0.00000e+00	0.00000e+00	1.20339e+00
5.748530019534e+15	6.82821e+14	1.00000e+00	1.93885e-01	7.30344e+07	1.00000e+00	2.77634e-09	1.65255e-25	1.47975e-07	0.00000e+00	0.00000e+00	1.20339e+00
6.431350837557e+15	6.40451e+14	1.00000e+00	2.02155e-01	7.00475e+07	1.00000e+00	2.89941e-09	1.71872e-25	1.54951e-07	0.00000e+00	0.00000e+00	1.20339e+00
7.071802088049e+15	6.00791e+14	1.00000e+00	2.10780e-01	6.71808e+07	1.00000e+00	3.02790e-09	1.78732e-25	1.62251e-07	0.00000e+00	0.00000e+00	1.20339e+00
7.672593472965e+15	5.63179e+14	1.00000e+00	2.19773e-01	6.44314e+07	1.00000e+00	3.16196e-09	1.85837e-25	1.69884e-07	0.00000e+00	0.00000e+00	1.20339e+00
8.235772685335e+15	5.27922e+14	1.00000e+00	2.29150e-01	6.17942e+07	1.00000e+00	3.30184e-09	1.93195e-25	1.77867e-07	0.00000e+00	0.00000e+00	1.20339e+00
8.763694411927e+15	4.94805e+14	1.00000e+00	2.38928e-01	5.92648e+07	1.00000e+00	3.44778e-09	2.00815e-25	1.86215e-07	0.00000e+00	0.00000e+00	1.20339e+00
9.258499551252e+15	4.63729e+14	1.00000e+00	2.49125e-01	5.68383e+07	1.00000e+00	3.60005e-09	2.08706e-25	1.94946e-07	0.00000e+00	0.00000e+00	1.20339e+00
9.722228191755e+15	4.34499e+14	1.00000e+00	2.59759e-01	5.45111e+07	1.00000e+00	3.75893e-09	2.16876e-25	2.04075e-07	0.00000e+00	0.00000e+00	1.20339e+00
1.015672721791e+16	4.07101e+14	1.00000e+00	2.70849e-01	5.22785e+07	1.00000e+00	3.92471e-09	2.25338e-25	2.13624e-07	0.00000e+00	0.00000e+00	1.20339e+00
1.056382810549e+16	3.81308e+14	1.00000e+00	2.82414e-01	5.01374e+07	1.00000e+00	4.09763e-09	2.34095e-25	2.23607e-07	0.00000e+00	0.00000e+00	1.20339e+00
1.094513579185e+16	3.57149e+14	1.00000e+00	2.94477e-01	4.80833e+07	1.00000e+00	4.27806e-09	2.43163e-25	2.34048e-07	0.00000e+00	0.00000e+00	1.20339e+00
1.130228448917e+16	3.34413e+14	1.00000e+00	3.07057e-01	4.61129e+07	1.00000e+00	4.46628e-09	2.52549e-25	2.44966e-07	0.00000e+00	0.00000e+00	1.20339e+00
1.163669728965e+16	3.13057e+14	1.00000e+00	3.20176e-01	4.42229e+07	1.00000e+00	4.66266e-09	2.62266e-25	2.56383e-07	0.00000e+00	0.00000e+00	1.20339e+00
1.194975442988e+16	2.93002e+14	1.00000e+00	3.33860e-01	4.24099e+07	1.00000e+00	4.86752e-09	2.72322e-25	2.68324e-07	0.00000e+00	0.00000e+00	1.20339e+00
1.224275688011e+16	2.74152e+14	1.00000e+00	3.48131e-01	4.06708e+07	1.00000e+00	5.08123e-09	2.82733e-25	2.80811e-07	0.00000e+00	0.00000e+00	1.20340e+00
1.251690857402e+16	2.56452e+14	1.00000e+00	3.63018e-01	3.90027e+07	1.00000e+00	5.30415e-09	2.93503e-25	2.93869e-07	0.00000e+00	0.00000e+00	1.20340e+00
1.277336049103e+16	2.39856e+14	1.00000e+00	3.78546e-01	3.74020e+07	1.00000e+00	5.53681e-09	3.04659e-25	3.07532e-07	0.00000e+00	0.00000e+00	1.20340e+00
1.301321683115e+16	2.24179e+14	1.00000e+00	3.94741e-01	3.58671e+07	1.00000e+00	5.77941e-09	3.16197e-25	3.21816e-07	0.00000e+00	0.00000e+00	1.20340e+00
1.323739549253e+16	2.09543e+14	1.00000e+00	4.11637e-01	3.43943e+07	1.00000e+00	6.03260e-09	3.28143e-25	3.36762e-07	0.00000e+00	0.00000e+00	1.20340e+00
1.344693802945e+16	1.95731e+14	1.00000e+00	4.29261e-01	3.29813e+07	1.00000e+00	6.29673e-09	3.40510e-25	3.52397e-07	0.00000e+00	0.00000e+00	1.20340e+00
1.364266908123e+16	1.82752e+14	1.00000e+00	4.47644e-01	3.16255e+07	1.00000e+00	6.57239e-09	3.53317e-25	3.68759e-07	0.00000e+00	0.00000e+00	1.20341e+00
1.382542081582e+16	1.70515e+14	1.00000e+00	4.66819e-01	3.03248e+07	1.00000e+00	6.86004e-09	3.66582e-25	3.85880e-07	0.00000e+00	0.00000e+00	1.20342e+00
1.399593542629e+16	1.59020e+14	1.00000e+00	4.86826e-01	2.90776e+07	1.00000e+00	7.16004e-09	3.80298e-25	4.03789e-07	0.00000e+00	0.00000e+00	1.20342e+00
1.415495586352e+16	1.48289e+14	1.00000e+00	5.07708e-01	2.78805e+07	1.00000e+00	7.47322e-09	3.94505e-25	4.22539e-07	0.00000e+00	0.00000e+00	1.20343e+00
1.430324505864e+16	1.38149e+14	1.00000e+00	5.29432e-01	2.67289e+07	1.00000e+00	7.80094e-09	4.09348e-25	4.42220e-07	0.00000e+00	0.00000e+00	1.20343e+00
1.444139442778e+16	1.28255e+14	1.00000e+00	5.52099e-01	2.56283e+07	1.00000e+00	8.14165e-09	4.24596e-25	4.62747e-07	0.00000e+00	0.00000e+00	1.20344e+00
1.456964919461e+16	1.19459e+14	1.00000e+00	5.75781e-01	2.45688e+07	1.00000e+00	8.49843e-09	4.40463e-25	4.84310e-07	0.00000e+00	0.00000e+00	1.20347e+00
1.468910857615e+16	1.10812e+14	1.00000e+00	6.00428e-01	2.35501e+07	1.00000e+00	8.87170e-09	4.57022e-25	5.06947e-07	0.00000e+00	0.00000e+00	1.20351e+00
1.479992066715e+16	1.02472e+14	1.00000e+00	6.26007e-01	2.25693e+07	1.00000e+00	9.26289e-09	4.74403e-25	5.30753e-07	0.00000e+00	0.00000e+00	1.20360e+00
1.490239296311e+16	9.43205e+13	1.00000e+00	6.53311e-01	2.16716e+07	1.00000e+00	9.65198e-09	4.90333e-25	5.54515e-07	0.00000e+00	0.00000e+00	1.20336e+00
1.499671348345e+16	9.10724e+13	1.00000e+00	6.82222e-01	2.07498e+07	1.00000e+00	1.00865e-08	5.09012e-25	5.81146e-07	0.00000e+00	0.00000e+00	1.20338e+00
1.508778588708e+16	8.20021e+13	1.00000e+00	7.11598e-01	1.98839e+07	1.00000e+00	1.05312e-08	5.28111e-25	6.08513e-07	0.00000e+00	0.00000e+00	1.20345e+00
1.516978794411e+16	7.53258e+13	1.00000e+00	7.42398e-01	1.90652e+07	1.00000e+00	1.09888e-08	5.47262e-25	6.36785e-07	0.00000e+00	0.00000e+00	1.20339e+00
1.524511373791e+16	7.01658e+13	1.00000e+00	7.74780e-01	1.82664e+07	1.00000e+00	1.14749e-08	5.67641e-25	6.66934e-07	0.00000e+00	0.00000e+00	1.20340e+00
1.531527949339e+16	6.41796e+13	1.00000e+00	8.08469e-01	1.75030e+07	1.00000e+00	1.19808e-08	5.88723e-25	6.98451e-07	0.00000e+00	0.00000e+00	1.20341e+00
1.537945905370e+16	5.88568e+13	1.00000e+00	8.43693e-01	1.67696e+07	1.00000e+00	1.25103e-08	6.10590e-25	7.31576e-07	0.00000e+00	0.00000e+00	1.20342e+00
1.543831581551e+16	5.38340e+13	1.00000e+00	8.80544e-01	1.60660e+07	1.00000e+00	1.30637e-08	6.33272e-25	7.66357e-07	0.00000e+00	0.00000e+00	1.20342e+00
1.549214979882e+16	4.91664e+13	1.00000e+00	9.19101e-01	1.53865e+07	1.00000e+00	1.36461e-08	6.57056e-25	8.03139e-07	0.00000e+00	0.00000e+00	1.20351e+00
1.554131620279e+16	4.45352e+13	1.00000e+00	9.59312e-01	1.47416e+07	1.00000e+00	1.42486e-08	6.81341e-25	8.41377e-07	0.00000e+00	0.00000e+00	1.20345e+00
1.558585140621e+16	4.07218e+13	1.00000e+00	1.00156e+00	1.41169e+07	1.00000e+00	1.48848e-08	7.06884e-25	8.81965e-07	0.00000e+00	0.00000e+00	1.20346e+00
1.562657321373e+16	3.68058e+13	1.00000e+00	1.04559e+00	1.35196e+07	1.00000e+00	1.55481e-08	7.33310e-25	9.24507e-07	0.00000e+00	0.00000e+00	1.20348e+00
1.566337898642e+16	3.33259e+13	1.00000e+00	1.09161e+00	1.29479e+07	1.00000e+00	1.62404e-08	7.60658e-25	9.69164e-07	0.00000e+00	0.00000e+00	1.20349e+00
1.569670488308e+16	3.01891e+13	1.00000e+00	1.13968e+00	1.24009e+07	1.00000e+00	1.69627e-08	7.88928e-25	1.01602e-06	0.00000e+00	0.00000e+00	1.20350e+00
1.572689401772e+16	2.73775e+13	1.00000e+00	1.18987e+00	1.18779e+07	1.00000e+00	1.77159e-08	8.18142e-25	1.06518e-06	0.00000e+00	0.00000e+00	1.20349e+00
1.575427148783e+16	2.48684e+13	1.00000e+00	1.24224e+00	1.13782e+07	1.00000e+00	1.85003e-08	8.48288e-25	1.11669e-06	0.00000e+00	0.00000e+00	1.20347e+00
1.577913987577e+16	2.26523e+13	1.00000e+00	1.29687e+00	1.09003e+07	1.00000e+00	1.93182e-08	8.79467e-25	1.17074e-06	0.00000e+00	0.00000e+00	1.20346e+00
1.580179222410e+16	2.06672e+13	1.00000e+00	1.35382e+00	1.04439e+07	1.00000e+00	2.01696e-08	9.11644e-25	1.22739e-06	0.00000e+00	0.00000e+00	1.20344e+00
1.582245944942e+16	1.89179e+13	1.00000e+00	1.41320e+00	1.00075e+07	1.00000e+00	2.10570e-08	9.44916e-25	1.28683e-06	0.00000e+00	0.00000e+00	1.20342e+00
1.584137732995e+16	1.73512e+13	1.00000e+00	1.47520e+00	9.59147e+06	1.00000e+00	2.19787e-08	9.79075e-25	1.34899e-06	0.00000e+00	0.00000e+00	1.20334e+00
1.585872851552e+16	1.60017e+13	1.00000e+00	1.53999e+00	9.19242e+06	1.00000e+00	2.29420e-08	1.01453e-24	1.41444e-06	0.00000e+00	0.00000e+00	1.20327e+00
1.587473019093e+16	1.47447e+13	1.00000e+00	1.60746e+00	8.80924e+06	1.00000e+00	2.39501e-08	1.05153e-24	1.48344e-06	0.00000e+00	0.00000e+00	1.20324e+00
1.588947485383e+16	1.35592e+13	1.00000e+00	1.67739e+00	8.44109e+06	1.00000e+00	2.50059e-08	1.09045e-24	1.55628e-06	0.00000e+00	0.00000e+00	1.20326e+00
1.590303405223e+16	1.24353e+13	1.00000e+00	1.75037e+00	8.09329e+06	1.00000e+00	2.60929e-08	1.12970e-24	1.63187e-06	0.00000e+00	0.00000e+00	1.20319e+00
1.591546935779e+16	1.15748e+13	1.00000e+00	1.82673e+00	7.75567e+06	1.00000e+00	2.72426e-08	1.17140e-24	1.71250e-06	0.00000e+00	0.00000e+00	1.20319e+00
1.592704416574e+16	1.06358e+13	1.00000e+00	1.90591e+00	7.43334e+06	1.00000e+00	2.84396e-08	1.21470e-24	1.79717e-06	0.00000e+00	0.00000e+00	1.20319e+00
1.593767995959e+16	9.81091e+12	1.00000e+00	1.98842e+00	7.12481e+06	1.00000e+00	2.96887e-08	1.25967e-24	1.88631e-06	0.00000e+00	0.00000e+00	1.20318e+00
1.594749087340e+16	9.06246e+12	1.00000e+00	2.07453e+00	6.82917e+06	1.00000e+00	3.09937e-08	1.30640e-24	1.98030e-06	0.00000e+00	0.00000e+00	1.20318e+00
1.595655333147e+16	8.37354e+12	1.00000e+00	2.16443e+00	6.54563e+06	1.00000e+00	3.23587e-08	1.35506e-24	2.07953e-06	0.00000e+00	0.00000e+00	1.20317e+00
1.596492686857e+16	7.73228e+12	1.00000e+00	2.25827e+00	6.27369e+06	1.00000e+00	3.37867e-08	1.40577e-24	2.18437e-06	0.00000e+00	0.00000e+00	1.20316e+00
1.597265915012e+16	7.13542e+12	1.00000e+00	2.35623e+00	6.01284e+06	1.00000e+00	3.52811e-08	1.45864e-24	2.29520e-06	0.00000e+00	0.00000e+00	1.20316e+00
1.597979456681e+16	6.57923e+12	1.00000e+00	2.45853e+00	5.76269e+06	1.00000e+00	3.68453e-08	1.51377e-24	2.41239e-06	0.00000e+00	0.00000e+00	1.20315e+00
1.598637380114e+16	6.06256e+12	1.00000e+00	2.56534e+00	5.52277e+06	1.00000e+00	3.84830e-08	1.57130e-24	2.53639e-06	0.00000e+00	0.00000e+00	1.20314e+00
1.599243636334e+16	5.58219e+12	1.00000e+00	2.67692e+00	5.29263e+06	1.00000e+00	4.01984e-08	1.63138e-24	2.66768e-06	0.00000e+00	0.00000e+00	1.20313e+00
1.599801855567e+16	5.13514e+12	1.00000e+00	2.79354e+00	5.07184e+06	1.00000e+00	4.19961e-08	1.69415e-24	2.80682e-06	0.00000e+00	0.00000e+00	1.20312e+00
1.600315370052e+16	4.71843e+12	1.00000e+00	2.91547e+00	4.85985e+06	1.00000e+00	4.38823e-08	1.75987e-24	2.95452e-06	0.00000e+00	0.00000e+00	1.20311e+00
1.600787212910e+16	4.32665e+12	1.00000e+00	3.04299e+00	4.65633e+06	1.00000e+00	4.58618e-08	1.82869e-24	3.11139e-06	0.00000e+00	0.00000e+00	1.20309e+00
1.601219877526e+16	3.95970e+12	1.00000e+00	3.17639e+00	4.46095e+06	1.00000e+00	4.79403e-08	1.90083e-24	3.27813e-06	0.00000e+00	0.00000e+00	1.20308e+00
1.601615847239e+16	3.61619e+12	1.00000e+00	3.31599e+00	4.27332e+06	1.00000e+00	5.01243e-08	1.97654e-24	3.45557e-06	0.00000e+00	0.00000e+00	1.20306e+00
1.601977466180e+16	3.29455e+12	1.00000e+00	3.46213e+00	4.09067e+06	1.00000e+00	5.24534e-08	2.05807e-24	3.64729e-06	0.00000e+00	0.00000e+00	1.20322e+00
1.602306921196e+16	2.95142e+12	1.00000e+00	3.61401e+00	3.91891e+06	1.00000e+00	5.48533e-08	2.14119e-24	3.84752e-06	0.00000e+00	0.00000e+00	1.20320e+00
1.602602063159e+16	2.69355e+12	1.00000e+00	3.77423e+00	3.75276e+06	1.00000e+00	5.73969e-08	2.22927e-24	4.06266e-06	0.00000e+00	0.00000e+00	1.20318e+00
1.602871418012e+16	2.43351e+12	1.00000e+00	3.94198e+00	3.59309e+06	1.00000e+00	6.00779e-08	2.32226e-24	4.29265e-06	0.00000e+00	0.00000e+00	1.20316e+00
1.603114769335e+16	2.19041e+12	1.00000e+00	4.11795e+00	3.44003e+06	1.00000e+00	6.28979e-08	2.41989e-24	4.53809e-06	0.00000e+00	0.00000e+00	1.20312e+00
1.603333810604e+16	1.96926e+12	1.00000e+00	4.30409e+00	3.29255e+06	1.00000e+00	6.58818e-08	2.52229e-24	4.80172e-06	0.00000e+00	0.00000e+00	1.20325e+00
1.603530736557e+16	1.75856e+12	1.00000e+00	4.49553e+00	3.15213e+06	1.00000e+00	6.90029e-08	2.63187e-24	5.08170e-06	0.00000e+00	0.00000e+00	1.20293e+00
1.603706592290e+16	1.57909e+12	1.00000e+00	4.69813e+00	3.01568e+06	1.00000e+00	7.23376e-08	2.74867e-24	5.38549e-06	0.00000e+00	0.00000e+00	1.20294e+00
1.603864501594e+16	1.39594e+12	1.00000e+00	4.90998e+00	2.88522e+06	1.00000e+00	7.58470e-08	2.87184e-24	5.71042e-06	0.00000e+00	0.00000e+00	1.20293e+00
1.604004095704e+16	1.23491e+12	1.00000e+00	5.13244e+00	2.75980e+06	1.00000e+00	7.95636e-08	3.00280e-24	6.06030e-06	0.00000e+00	0.00000e+00	1.20293e+00
1.604127586614e+16	1.08688e+12	1.00000e+00	5.36610e+00	2.63949e+06	1.00000e+00	8.34933e-08	3.14162e-24	6.43661e-06	0.00000e+00	0.00000e+00	1.20290e+00
1.604236274658e+16	9.53873e+11	1.00000e+00	5.61184e+00	2.52373e+06	1.00000e+00	8.76660e-08	3.28977e-24	6.84327e-06	0.00000e+00	0.00000e+00	1.20287e+00
1.604331662004e+16	8.31779e+11	1.00000e+00	5.87032e+00	2.41251e+06	1.00000e+00	9.20938e-08	3.44773e-24	7.28266e-06	0.00000e+00	0.00000e+00	1.20284e+00
1.604414839911e+16	7.21717e+11	1.00000e+00	6.14258e+00	2.30547e+06	1.00000e+00	9.68060e-08	3.61683e-24	7.75907e-06	0.00000e+00	0.00000e+00	1.20281e+00
1.604487011594e+16	6.21771e+11	1.00000e+00	6.42941e+00	2.20256e+06	1.00000e+00	1.01821e-07	3.79790e-24	8.27591e-06	0.00000e+00	0.00000e+00	1.20278e+00
1.604549188743e+16	5.32334e+11	1.00000e+00	6.73122e+00	2.10345e+06	1.00000e+00	1.07176e-07	3.99310e-24	8.83877e-06	0.00000e+00	0.00000e+00	1.20278e+00
1.604602422105e+16	4.51881e+11	1.00000e+00	7.04824e+00	2.00900e+06	1.00000e+00	1.12837e-07	4.20027e-24	9.44603e-06	0.00000e+00	0.00000e+00	1.20272e+00
1.604647610178e+16	3.84487e+11	1.00000e+00	7.38074e+00	1.91845e+06	1.00000e+00	1.18863e-07	4.42303e-24	1.01060e-05	0.00000e+00	0.00000e+00	1.20269e+00
1.604686058919e+16	3.25838e+11	1.00000e+00	7.72652e+00	1.83252e+06	1.00000e+00	1.25215e-07	4.66003e-24	1.08167e-05	0.00000e+00	0.00000e+00	1.20267e+00
1.604718642745e+16	2.77936e+11	1.00000e+00	8.08468e+00	1.75100e+06	1.00000e+00	1.31906e-07	4.91270e-24	1.15817e-05	0.00000e+00	0.00000e+00	1.20268e+00
1.604746436351e+16	2.38797e+11	1.00000e+00	8.45521e+00	1.67433e+06	1.00000e+00	1.38889e-07	5.17815e-24	1.23977e-05	0.00000e+00	0.00000e+00	1.20265e+00
1.604770316016e+16	2.08617e+11	1.00000e+00	8.83961e+00	1.60154e+06	1.00000e+00	1.46245e-07	5.46091e-24	1.32766e-05	0.00000e+00	0.00000e+00	1.20264e+00
1.604791177764e+16	1.83592e+11	1.00000e+00	9.23792e+00	1.53262e+06	1.00000e+00	1.53968e-07	5.76088e-24	1.42203e-05	0.00000e+00	0.00000e+00	1.20261e+00
1.604809536958e+16	1.63300e+11	1.00000e+00	9.65202e+00	1.46716e+06	1.00000e+00	1.62100e-07	6.08002e-24	1.52371e-05	0.00000e+00	0.00000e+00	1.20256e+00
1.604825866969e+16	1.46398e+11	1.00000e+00	1.00832e+01	1.40470e+06	1.00000e+00	1.70702e-07	6.42184e-24	1.63380e-05	0.00000e+00	0.00000e+00	1.20251e+00
1.604840506724e+16	1.31708e+11	1.00000e+00	1.05332e+01	1.34541e+06	1.00000e+00	1.79754e-07	6.78468e-24	1.75246e-05	0.00000e+00	0.00000e+00	1.20238e+00
1.604853677554e+16	1.19550e+11	1.00000e+00	1.10026e+01	1.28798e+06	1.00000e+00	1.89484e-07	7.18316e-24	1.88314e-05	0.00000e+00	0.00000e+00	1.20238e+00
1.604865632594e+16	1.07245e+11	1.00000e+00	1.14892e+01	1.23347e+06	1.00000e+00	1.99738e-07	7.60905e-24	2.02439e-05	0.00000e+00	0.00000e+00	1.20236e+00
1.604876357106e+16	9.70651e+10	1.00000e+00	1.19969e+01	1.18119e+06	1.00000e+00	2.10661e-07	8.07050e-24	2.17875e-05	0.00000e+00	0.00000e+00	1.20235e+00
1.604886063617e+16	8.77262e+10	1.00000e+00	1.25273e+01	1.13139e+06	1.00000e+00	2.22224e-07	8.56516e-24	2.34653e-05	0.00000e+00	0.00000e+00	1.20232e+00
1.604894836242e+16	7.97195e+10	1.00000e+00	1.30815e+01	1.08352e+06	1.00000e+00	2.34581e-07	9.10376e-24	2.53073e-05	0.00000e+00	0.00000e+00	1.20228e+00
1.604902808196e+16	7.21823e+10	1.00000e+00	1.36582e+01	1.03778e+06	1.00000e+00	2.47722e-07	9.68725e-24	2.73215e-05	0.00000e+00	0.00000e+00	1.20227e+00
1.604910026425e+16	6.55005e+10	1.00000e+00	1.42586e+01	9.94125e+05	1.00000e+00	2.61680e-07	1.03180e-23	2.95229e-05	0.00000e+00	0.00000e+00	1.20226e+00
1.604916576471e+16	5.96668e+10	1.00000e+00	1.48838e+01	9.52352e+05	1.00000e+00	2.76549e-07	1.10036e-23	3.19380e-05	0.00000e+00	0.00000e+00	1.20225e+00
1.604922543149e+16	5.44123e+10	1.00000e+00	1.55349e+01	9.12436e+05	1.00000e+00	2.92380e-07	1.17483e-23	3.45879e-05	0.00000e+00	0.00000e+00	1.20223e+00
1.604927984380e+16	4.97519e+10	1.00000e+00	1.62143e+01	8.74213e+05	1.00000e+00	3.09280e-07	1.25601e-23	3.75058e-05	0.00000e+00	0.00000e+00	1.20221e+00
1.604932959568e+16	4.55156e+10	1.00000e+00	1.69244e+01	8.37565e+05	1.00000e+00	3.27360e-07	1.34473e-23	4.07282e-05	1.40130e-45	0.00000e+00	1.20219e+00
1.604937511132e+16	4.16096e+10	1.00000e+00	1.76685e+01	8.01878e+05	1.00000e+00	3.47036e-07	1.44405e-23	4.43536e-05	4.20390e-45	0.00000e+00	1.20233e+00
1.604941672089e+16	3.73979e+10	1.00000e+00	1.84441e+01	7.68207e+05	1.00000e+00	3.67801e-07	1.55084e-23	4.83130e-05	8.40779e-45	0.00000e+00	1.20231e+00
1.604945411878e+16	3.41304e+10	1.00000e+00	1.92649e+01	7.35521e+05	1.00000e+00	3.90368e-07	1.66984e-23	5.27704e-05	2.24208e-44	0.00000e+00	1.20228e+00
1.604948824915e+16	3.07208e+10	1.00000e+00	2.01301e+01	7.04016e+05	1.00000e+00	4.14766e-07	1.80177e-23	5.77702e-05	5.60519e-44	0.00000e+00	1.20223e+00
1.604951897000e+16	2.74599e+10	1.00000e+00	2.10429e+01	6.73584e+05	1.00000e+00	4.41249e-07	1.94896e-23	6.34096e-05	1.42932e-43	0.00000e+00	1.20219e+00
1.604954642988e+16	2.43113e+10	1.00000e+00	2.20033e+01	6.44236e+05	1.00000e+00	4.70001e-07	2.11355e-23	6.97825e-05	3.71344e-43	0.00000e+00	1.20216e+00
1.604957074118e+16	2.13470e+10	1.00000e+00	2.30090e+01	6.16058e+05	1.00000e+00	5.01131e-07	2.29742e-23	7.69759e-05	9.80909e-43	0.00000e+00	1.20215e+00
1.604959208814e+16	1.86688e+10	1.00000e+00	2.40544e+01	5.89102e+05	9.99999e-01	5.34756e-07	2.50293e-23	8.50892e-05	2.63304e-42	0.00000e+00	1.20217e+00
1.604961075693e+16	1.63197e+10	1.00000e+00	2.51399e+01	5.63605e+05	9.99999e-01	5.70678e-07	2.72939e-23	9.41515e-05	7.11159e-42	0.00000e+00	1.20217e+00
1.604962707659e+16	1.44294e+10	1.00000e+00	2.62699e+01	5.39366e+05	9.99999e-01	6.09226e-07	2.98041e-23	1.04334e-04	1.94542e-41	0.00000e+00	1.20216e+00
1.604964150596e+16	1.28434e+10	1.00000e+00	2.74438e+01	5.16281e+05	9.99999e-01	6.50698e-07	3.26010e-23	1.15818e-04	5.40565e-41	0.00000e+00	1.20215e+00
1.604965434935e+16	1.14895e+10	1.00000e+00	2.86652e+01	4.94294e+05	9.99999e-01	6.95337e-07	3.57202e-23	1.28794e-04	1.52698e-40	0.00000e+00	1.20213e+00
1.604966583885e+16	1.03316e+10	1.00000e+00	2.99418e+01	4.73244e+05	9.99999e-01	7.43667e-07	3.92243e-23	1.43566e-04	4.40973e-40	0.00000e+00	1.20211e+00
1.604967617046e+16	9.29136e+09	1.00000e+00	3.12820e+01	4.53009e+05	9.99999e-01	7.96279e-07	4.31885e-23	1.60507e-04	1.30815e-39	0.00000e+00	1.20209e+00
1.604968546182e+16	8.32002e+09	1.00000e+00	3.26964e+01	4.33498e+05	9.99999e-01	8.53828e-07	4.76998e-23	1.80073e-04	3.99961e-39	0.00000e+00	1.20204e+00
1.604969378184e+16	7.39421e+09	1.00000e+00	3.41931e+01	4.14503e+05	9.99999e-01	9.17561e-07	5.29216e-23	2.03015e-04	1.27456e-38	0.00000e+00	1.20204e+00
1.604970117605e+16	6.45423e+09	1.00000e+00	3.57978e+01	3.95755e+05	9.99999e-01	9.89443e-07	5.90935e-23	2.30513e-04	4.30694e-38	0.00000e+00	1.20221e+00
1.604970763028e+16	5.44992e+09	1.00000e+00	3.74930e+01	3.77876e+05	9.99999e-01	1.06805e-06	6.61593e-23	2.62576e-04	5.09153e-35	0.00000e+00	1.20218e+00
1.604971308020e+16	4.60727e+09	1.00000e+00	3.93209e+01	3.60565e+05	9.99999e-01	1.15551e-06	7.43934e-23	3.00732e-04	5.22282e-37	0.00000e+00	1.20203e+00
1.604971768747e+16	3.83853e+09	1.00000e+00	4.13364e+01	3.42860e+05	9.99999e-01	1.25911e-06	8.47476e-23	3.49359e-04	2.03176e-36	0.00000e+00	1.20210e+00
1.604972152600e+16	2.97334e+09	1.00000e+00	4.34448e+01	3.26559e+05	9.99999e-01	1.37007e-06	9.63992e-23	4.05636e-04	7.48802e-36	0.00000e+00	1.20205e+00
1.604972449934e+16	2.38258e+09	1.00000e+00	4.56999e+01	3.10341e+05	9.99998e-01	1.49880e-06	1.10877e-22	4.76484e-04	2.85048e-35	0.00000e+00	1.20196e+00
1.604972688193e+16	1.82374e+09	1.00000e+00	4.79882e+01	2.95460e+05	9.99998e-01	1.63687e-06	1.27432e-22	5.59263e-04	9.92214e-35	0.00000e+00	1.20168e+00
1.604972870566e+16	1.44834e+09	1.00000e+00	5.03435e+01	2.81694e+05	9.99998e-01	1.78570e-06	1.46299e-22	6.56527e-04	3.16800e-34	0.00000e+00	1.20158e+00
1.604973015400e+16	1.18553e+09	1.00000e+00	5.27153e+01	2.68868e+05	9.99998e-01	1.94693e-06	1.68090e-22	7.71535e-04	9.36609e-34	0.00000e+00	1.20159e+00
1.604973133954e+16	9.94109e+08	1.00000e+00	5.51101e+01	2.57301e+05	9.99998e-01	2.11526e-06	1.92204e-22	9.02584e-04	2.50021e-33	0.00000e+00	1.20137e+00
1.604973233365e+16	8.84527e+08	1.00000e+00	5.75935e+01	2.46073e+05	9.99998e-01	2.30414e-06	2.21119e-22	1.06334e-03	6.55065e-33	0.00000e+00	1.20148e+00
1.604973321817e+16	7.75384e+08	1.00000e+00	6.01108e+01	2.35892e+05	9.99997e-01	2.50189e-06	2.53261e-22	1.24760e-03	1.59311e-32	0.00000e+00	1.20130e+00
1.604973399356e+16	7.18608e+08	1.00000e+00	6.27506e+01	2.25962e+05	9.99997e-01	2.72432e-06	2.91876e-22	1.47498e-03	3.86910e-32	0.00000e+00	1.20124e+00
1.604973471216e+16	6.54111e+08	1.00000e+00	6.54742e+01	2.16561e+05	9.99997e-01	2.96773e-06	3.37022e-22	1.74893e-03	9.18272e-32	0.00000e+00	1.20118e+00
1.604973536628e+16	6.02711e+08	1.00000e+00	6.83130e+01	2.07565e+05	9.99997e-01	3.23713e-06	3.90516e-22	2.08376e-03	2.15642e-31	0.00000e+00	1.20112e+00
1.604973596899e+16	5.56290e+08	1.00000e+00	7.12759e+01	1.98942e+05	9.99996e-01	3.53636e-06	4.54260e-22	2.49599e-03	5.02980e-31	0.00000e+00	1.20104e+00
1.604973652528e+16	5.13322e+08	1.00000e+00	7.43685e+01	1.90671e+05	9.99996e-01	3.86948e-06	5.30573e-22	3.00666e-03	1.16744e-30	0.00000e+00	1.20097e+00
1.604973703860e+16	4.73373e+08	1.00000e+00	7.75932e+01	1.82747e+05	9.99996e-01	4.24070e-06	6.22219e-22	3.64242e-03	2.69722e-30	0.00000e+00	1.20088e+00
1.604973751197e+16	4.36671e+08	1.00000e+00	8.09516e+01	1.75164e+05	9.99995e-01	4.65460e-06	7.32589e-22	4.43761e-03	6.20154e-30	0.00000e+00	1.20078e+00
1.604973794864e+16	4.03465e+08	1.00000e+00	8.44472e+01	1.67912e+05	9.99995e-01	5.11654e-06	8.65797e-22	5.43720e-03	1.41865e-29	0.00000e+00	1.20067e+00
1.604973835211e+16	3.73664e+08	1.00000e+00	8.80877e+01	1.60972e+05	9.99994e-01	5.63337e-06	1.02742e-21	6.70172e-03	3.22989e-29	0.00000e+00	1.20053e+00
1.604973872577e+16	3.46717e+08	1.00000e+00	9.18855e+01	1.54323e+05	9.99994e-01	6.21351e-06	1.22463e-21	8.31335e-03	7.32036e-29	0.00000e+00	1.20036e+00
1.604973907249e+16	3.21901e+08	1.00000e+00	9.58569e+01	1.47937e+05	9.99993e-01	6.86787e-06	1.46706e-21	1.03864e-02	1.65195e-28	0.00000e+00	1.20014e+00
1.604973939439e+16	2.98283e+08	1.00000e+00	1.00020e+02	1.41789e+05	9.99992e-01	7.60979e-06	1.76750e-21	1.30796e-02	3.70746e-28	0.00000e+00	1.19986e+00
1.604973969267e+16	2.75142e+08	1.00000e+00	1.04395e+02	1.35858e+05	9.99992e-01	8.45535e-06	2.14299e-21	1.66143e-02	8.24631e-28	0.00000e+00	1.19951e+00
1.604973996782e+16	2.52117e+08	1.00000e+00	1.09000e+02	1.30128e+05	9.99991e-01	9.42435e-06	2.61652e-21	2.13024e-02	1.80695e-27	0.00000e+00	1.19905e+00
1.604974021993e+16	2.29023e+08	1.00000e+00	1.13850e+02	1.24591e+05	9.99989e-01	1.05396e-05	3.21865e-21	2.75781e-02	3.86190e-27	0.00000e+00	1.19845e+00
1.604974044896e+16	2.06145e+08	1.00000e+00	1.18951e+02	1.19247e+05	9.99988e-01	1.18273e-05	3.98997e-21	3.60418e-02	7.94506e-27	0.00000e+00	1.19768e+00
1.604974065510e+16	1.83989e+08	1.00000e+00	1.24293e+02	1.14154e+05	9.99987e-01	1.33005e-05	4.97159e-21	4.73732e-02	1.54041e-26	0.00000e+00	1.19653e+00
1.604974083909e+16	1.64937e+08	1.00000e+00	1.29884e+02	1.09185e+05	9.99985e-01	1.50334e-05	6.26290e-21	6.29911e-02	2.82979e-26	0.00000e+00	1.19530e+00
1.604974100403e+16	1.44975e+08	1.00000e+00	1.35643e+02	1.04547e+05	9.99983e-01	1.69889e-05	7.89680e-21	8.35740e-02	4.78309e-26	0.00000e+00	1.19347e+00
1.604974114900e+16	1.30712e+08	1.00000e+00	1.41640e+02	1.00183e+05	9.99981e-01	1.92117e-05	9.98359e-21	1.10635e-01	7.52566e-26	0.00000e+00	1.19051e+00
1.604974127971e+16	1.20029e+08	1.00000e+00	1.47918e+02	9.60388e+04	9.99978e-01	2.17634e-05	1.26798e-20	1.46102e-01	1.11898e-25	0.00000e+00	1.18667e+00
1.604974139974e+16	1.11272e+08	1.00000e+00	1.54275e+02	9.20036e+04	9.99975e-01	2.47799e-05	1.62995e-20	1.93140e-01	1.60686e-25	0.00000e+00	1.18169e+00
1.604974151101e+16	1.01481e+08	1.00000e+00	1.61353e+02	8.83752e+04	9.99972e-01	2.80681e-05	2.07230e-20	2.49053e-01	2.19789e-25	0.00000e+00	1.17630e+00
1.604974161250e+16	9.88706e+07	1.00000e+00	1.68732e+02	8.46820e+04	9.99968e-01	3.21384e-05	2.69781e-20	3.21855e-01	3.01904e-25	0.00000e+00	1.16901e+00
1.604974171137e+16	9.06802e+07	1.00000e+00	1.76989e+02	8.15526e+04	9.99964e-01	3.63193e-05	3.41908e-20	3.96982e-01	3.98107e-25	0.00000e+00	1.16045e+00
1.604974180205e+16	9.45265e+07	1.00000e+00	1.85673e+02	7.80517e+04	9.99958e-01	4.20286e-05	4.55335e-20	4.94195e-01	5.54203e-25	0.00000e+00	1.15076e+00
1.604974189657e+16	8.42960e+07	1.00000e+00	1.94084e+02	7.50098e+04	9.99952e-01	4.81345e-05	5.94661e-20	5.86014e-01	7.59374e-25	0.00000e+00	1.14133e+00
1.604974198087e+16	8.31480e+07	1.00000e+00	2.02784e+02	7.20215e+04	9.99945e-01	5.54885e-05	7.87350e-20	6.76948e-01	1.07025e-24	0.00000e+00	1.13251e+00
1.604974206402e+16	8.01585e+07	1.00000e+00	2.11638e+02	6.92365e+04	9.99936e-01	6.39157e-05	1.04124e-19	7.56417e-01	1.52642e-24	0.00000e+00	1.12461e+00
1.604974214418e+16	7.97091e+07	1.00000e+00	2.20893e+02	6.66136e+04	9.99926e-01	7.36606e-05	1.37852e-19	8.22065e-01	2.20550e-24	0.00000e+00	1.11756e+00
1.604974222388e+16	8.09766e+07	1.00000e+00	2.29835e+02	6.38607e+04	9.99914e-01	8.63662e-05	1.89193e-19	8.78388e-01	3.36801e-24	0.00000e+00	1.11281e+00
1.604974230486e+16	7.51389e+07	1.00000e+00	2.39648e+02	6.16370e+04	9.99901e-01	9.90500e-05	2.47947e-19	9.13797e-01	4.86336e-24	0.00000e+00	1.10856e+00
1.604974238000e+16	8.33054e+07	1.00000e+00	2.50124e+02	5.91541e+04	9.99883e-01	1.16585e-04	3.42775e-19	9.43246e-01	7.52745e-24	0.00000e+00	1.10525e+00
1.604974246331e+16	7.93911e+07	1.00000e+00	2.59658e+02	5.67078e+04	9.99861e-01	1.38481e-04	4.83643e-19	9.63245e-01	1.18800e-23	0.00000e+00	1.10405e+00
1.604974254270e+16	7.36129e+07	1.00000e+00	2.69233e+02	5.46192e+04	9.99838e-01	1.62032e-04	6.62262e-19	9.74559e-01	1.78474e-23	0.00000e+00	1.10240e+00
1.604974261631e+16	7.70053e+07	1.00000e+00	2.80728e+02	5.25656e+04	9.99809e-01	1.91019e-04	9.19304e-19	9.81607e-01	2.70450e-23	0.00000e+00	1.10163e+00
1.604974269331e+16	7.88421e+07	1.00000e+00	2.92826e+02	5.04448e+04	9.99771e-01	2.29086e-04	1.32327e-18	9.85551e-01	4.21907e-23	0.00000e+00	1.10101e+00
1.604974277216e+16	7.50108e+07	1.00000e+00	3.05121e+02	4.84522e+04	9.99725e-01	2.75064e-04	1.91150e-18	9.86768e-01	6.50174e-23	0.00000e+00	1.10057e+00
1.604974284717e+16	7.29592e+07	1.00000e+00	3.17936e+02	4.65496e+04	9.99668e-01	3.31616e-04	2.78767e-18	9.85962e-01	9.96837e-23	0.00000e+00	1.09979e+00
1.604974292013e+16	7.14043e+07	1.00000e+00	3.31397e+02	4.46871e+04	9.99597e-01	4.03466e-04	4.14734e-18	9.83290e-01	1.53983e-22	0.00000e+00	1.09907e+00
1.604974299153e+16	6.85273e+07	1.00000e+00	3.45461e+02	4.29187e+04	9.99507e-01	4.92609e-04	6.22225e-18	9.78717e-01	2.37099e-22	0.00000e+00	1.09817e+00
1.604974306006e+16	6.65254e+07	1.00000e+00	3.60241e+02	4.11392e+04	9.99389e-01	6.11197e-04	9.66655e-18	9.71404e-01	3.75012e-22	0.00000e+00	1.09745e+00
1.604974312658e+16	6.15187e+07	1.00000e+00	3.75485e+02	3.94740e+04	9.99241e-01	7.59328e-04	1.50832e-17	9.60965e-01	5.92510e-22	0.00000e+00	1.09634e+00
1.604974318810e+16	5.83307e+07	1.00000e+00	3.91613e+02	3.78506e+04	9.99047e-01	9.53258e-04	2.40947e-17	9.45691e-01	9.57868e-22	0.00000e+00	1.09482e+00
1.604974324643e+16	5.44016e+07	1.00000e+00	4.08552e+02	3.62776e+04	9.98792e-01	1.20850e-03	3.93710e-17	9.23506e-01	1.59055e-21	0.00000e+00	1.09272e+00
1.604974330083e+16	5.01877e+07	1.00000e+00	4.26322e+02	3.48275e+04	9.98471e-01	1.52909e-03	6.42344e-17	8.93273e-01	2.65768e-21	0.00000e+00	1.08859e+00
1.604974335102e+16	4.82145e+07	1.00000e+00	4.44979e+02	3.33565e+04	9.98023e-01	1.97716e-03	1.10049e-16	8.48293e-01	4.73930e-21	0.00000e+00	1.08334e+00
1.604974339924e+16	4.37320e+07	1.00000e+00	4.65927e+02	3.19912e+04	9.97443e-01	2.55677e-03	1.88805e-16	7.88534e-01	8.65793e-21	0.00000e+00	1.07693e+00
1.604974344297e+16	4.09887e+07	1.00000e+00	4.90128e+02	3.07071e+04	9.96683e-01	3.31654e-03	3.26530e-16	7.11886e-01	1.64236e-20	0.00000e+00	1.06805e+00
1.604974348396e+16	3.92059e+07	1.00000e+00	5.15925e+02	2.93333e+04	9.95521e-01	4.47930e-03	6.44728e-16	6.04683e-01	3.75507e-20	0.00000e+00	1.05614e+00
1.604974352316e+16	3.34865e+07	1.00000e+00	5.42211e+02	2.80803e+04	9.93973e-01	6.02663e-03	1.31784e-15	4.87128e-01	9.34406e-20	0.00000e+00	1.04251e+00
1.604974355665e+16	3.00166e+07	1.00000e+00	5.70912e+02	2.68650e+04	9.91775e-01	8.22495e-03	2.79140e-15	3.64972e-01	2.57846e-19	0.00000e+00	1.02785e+00
1.604974358667e+16	2.65418e+07	1.00000e+00	6.01989e+02	2.56470e+04	9.88474e-01	1.15264e-02	6.30854e-15	2.49231e-01	8.26704e-19	0.00000e+00	1.01355e+00
1.604974361321e+16	2.23548e+07	1.00000e+00	6.34609e+02	2.44884e+04	9.83678e-01	1.63215e-02	1.46293e-14	1.58024e-01	2.90699e-18	0.00000e+00	9.99638e-01
1.604974363556e+16	1.88997e+07	1.00000e+00	6.69257e+02	2.33652e+04	9.76489e-01	2.35109e-02	3.54117e-14	9.30086e-02	1.13873e-17	0.00000e+00	9.85725e-01
1.604974365446e+16	1.57267e+07	1.00000e+00	7.06446e+02	2.22941e+04	9.65760e-01	3.42404e-02	8.82245e-14	5.17563e-02	4.81490e-17	0.00000e+00	9.71437e-01
1.604974367019e+16	1.30938e+07	1.00000e+00	7.45327e+02	2.13172e+04	9.50520e-01	4.94802e-02	2.17250e-13	2.82688e-02	2.03023e-16	0.00000e+00	9.53028e-01
1.604974368328e+16	1.14293e+07	1.00000e+00	7.88426e+02	2.03881e+04	9.28151e-01	7.18487e-02	5.47215e-13	1.49049e-02	8.95075e-16	0.00000e+00	9.29105e-01
1.604974369471e+16	1.00314e+07	1.00000e+00	8.35883e+02	1.95304e+04	8.96723e-01	1.03277e-01	1.36849e-12	7.76553e-03	3.90142e-15	0.00000e+00	8.97133e-01
1.604974370474e+16	9.13678e+06	1.00000e+00	8.90341e+02	1.87779e+04	8.56306e-01	1.43694e-01	3.21675e-12	4.15938e-03	1.53818e-14	0.00000e+00	8.58434e-01
1.604974371388e+16	9.11998e+06	1.00000e+00	9.54195e+02	1.80589e+04	8.01860e-01	1.98140e-01	7.66702e-12	2.16920e-03	6.09900e-14	0.00000e+00	8.05278e-01
1.604974372300e+16	9.16353e+06	1.00000e+00	1.02602e+03	1.73283e+04	7.25864e-01	2.74136e-01	1.97997e-11	1.04458e-03	2.61977e-13	0.00000e+00	7.26297e-01
1.604974373216e+16	8.69362e+06	1.00000e+00	1.11148e+03	1.67360e+04	6.46577e-01	3.53423e-01	4.40956e-11	5.49082e-04	8.73795e-13	0.00000e+00	6.49387e-01
1.604974374086e+16	9.82491e+06	1.00000e+00	1.21267e+03	1.61759e+04	5.57388e-01	4.42612e-01	9.83111e-11	2.81678e-04	2.72757e-12	0.00000e+00	5.54883e-01
1.604974375068e+16	1.13494e+07	1.00000e+00	1.33726e+03	1.56197e+04	4.58603e-01	5.41397e-01	2.24534e-10	1.37261e-04	8.31888e-12	0.00000e+00	4.59863e-01
1.604974376203e+16	1.27489e+07	1.00000e+00	1.46878e+03	1.51149e+04	3.65670e-01	6.34330e-01	4.96449e-10	6.68966e-05	2.22447e-11	0.00000e+00	3.66891e-01
1.604974377478e+16	1.52702e+07	1.00000e+00	1.61147e+03	1.46677e+04	2.86116e-01	7.13884e-01	1.03868e-09	3.32944e-05	5.17841e-11	0.00000e+00	2.84250e-01
1.604974379005e+16	2.00352e+07	1.00000e+00	1.75487e+03	1.41677e+04	2.05995e-01	7.94005e-01	2.48376e-09	1.42330e-05	1.32698e-10	0.00000e+00	2.07199e-01
1.604974381009e+16	2.27080e+07	1.00000e+00	1.89025e+03	1.37733e+04	1.52224e-01	8.47776e-01	5.10870e-09	6.79396e-06	2.77514e-10	0.00000e+00	1.51755e-01
1.604974383279e+16	3.17204e+07	1.00000e+00	2.02185e+03	1.33750e+04	1.07609e-01	8.92391e-01	1.09160e-08	3.02109e-06	5.98269e-10	0.00000e+00	1.07068e-01
1.604974386452e+16	4.26031e+07	1.00000e+00	2.14011e+03	1.29900e+04	7.37464e-02	9.26254e-01	2.34774e-08	1.28729e-06	1.30995e-09	0.00000e+00	7.38574e-02
1.604974390712e+16	5.74990e+07	1.00000e+00	2.24094e+03	1.26446e+04	5.03772e-02	9.49623e-01	4.83894e-08	5.53032e-07	2.78682e-09	0.00000e+00	5.03128e-02
1.604974396462e+16	8.41954e+07	1.00000e+00	2.33276e+03	1.23158e+04	3.35371e-02	9.66463e-01	9.90138e-08	2.29412e-07	6.14126e-09	0.00000e+00	3.37230e-02
1.604974404881e+16	1.26156e+08	1.00000e+00	2.41393e+03	1.20107e+04	2.18072e-02	9.78192e-01	2.00112e-07	9.24451e-08	1.41686e-08	0.00000e+00	2.20508e-02
1.604974417497e+16	1.98679e+08	1.00000e+00	2.49158e+03	1.17366e+04	1.39522e-02	9.86047e-01	3.92953e-07	3.67303e-08	3.45856e-08	0.00000e+00	1.40210e-02
1.604974437365e+16	3.40289e+08	1.00000e+00	2.56307e+03	1.14738e+04	8.37047e-03	9.91629e-01	7.89716e-07	1.33965e-08	1.02529e-07	0.00000e+00	8.37659e-03
1.604974471394e+16	5.94090e+08	1.00000e+00	2.62993e+03	1.12200e+04	4.78004e-03	9.95218e-01	1.53218e-06	4.52352e-09	3.69630e-07	0.00000e+00	4.81416e-03
1.604974530803e+16	1.05089e+09	1.00000e+00	2.69497e+03	1.09652e+04	2.76412e-03	9.97233e-01	2.54256e-06	1.41609e-09	1.33603e-06	0.00000e+00	2.79964e-03
1.604974635891e+16	1.80844e+09	1.00000e+00	2.76756e+03	1.06973e+04	1.74176e-03	9.98255e-01	3.33313e-06	4.13322e-10	3.68989e-06	0.00000e+00	1.76422e-03
1.604974816735e+16	2.88915e+09	1.00000e+00	2.84904e+03	1.03966e+04	1.13851e-03	9.98858e-01	3.72281e-06	1.01258e-10	8.40940e-06	0.00000e+00	1.16933e-03
1.604975105650e+16	3.99467e+09	1.00000e+00	2.94191e+03	1.00747e+04	7.54080e-04	9.99242e-01	3.70061e-06	2.08976e-11	1.66143e-05	0.00000e+00	7.85479e-04
1.604975505117e+16	5.00173e+09	1.00000e+00	3.04760e+03	9.72050e+03	4.68113e-04	9.99529e-01	3.32455e-06	3.26643e-12	3.17630e-05	0.00000e+00	4.99893e-04
1.604976005290e+16	5.00173e+09	1.00000e+00	3.16668e+03	9.36569e+03	2.71018e-04	9.99726e-01	2.69710e-06	4.81351e-13	5.46913e-05	0.00000e+00	2.99592e-04
