#elapsed time	time step 	scale cont	scalingDen	<T>	<H+/H rad>	<H0/H rad>	<2*H2/H rad>	<He+/He rad>	<CO/H>	<redshift>	<ne/nH>
0.000000000000e+00	0.00000e+00	1.00000e+00	1.43280e-01	1.00000e+08	1.00000e+00	1.99758e-09	1.21131e-25	1.04408e-07	0.00000e+00	0.00000e+00	1.21081e+00
0.000000000000e+00	0.00000e+00	1.00000e+00	1.43280e-01	1.00000e+08	1.00000e+00	1.99759e-09	1.21017e-25	1.04408e-07	0.00000e+00	0.00000e+00	1.21182e+00
0.000000000000e+00	0.00000e+00	1.00000e+00	1.43280e-01	1.00000e+08	1.00000e+00	1.99759e-09	1.20989e-25	1.04408e-07	0.00000e+00	0.00000e+00	1.21208e+00
1.384946552175e+12	2.76989e+12	1.00000e+00	1.43280e-01	9.99764e+07	1.00000e+00	1.99808e-09	1.21033e-25	1.04435e-07	0.00000e+00	0.00000e+00	1.21216e+00
4.154839656524e+12	5.53979e+12	1.00000e+00	1.43280e-01	9.99363e+07	1.00000e+00	1.99892e-09	1.21125e-25	1.04482e-07	0.00000e+00	0.00000e+00	1.21216e+00
9.694625865223e+12	1.10796e+13	1.00000e+00	1.43280e-01	9.98563e+07	1.00000e+00	2.00060e-09	1.21311e-25	1.04576e-07	0.00000e+00	0.00000e+00	1.21216e+00
2.077419828262e+13	2.21591e+13	1.00000e+00	1.43280e-01	9.96962e+07	1.00000e+00	2.00396e-09	1.21681e-25	1.04763e-07	0.00000e+00	0.00000e+00	1.21216e+00
4.293334311742e+13	4.43183e+13	1.00000e+00	1.43280e-01	9.93766e+07	1.00000e+00	2.01071e-09	1.22429e-25	1.05139e-07	0.00000e+00	0.00000e+00	1.21216e+00
8.725163278701e+13	8.86366e+13	1.00000e+00	1.43280e-01	9.87383e+07	1.00000e+00	2.02432e-09	1.24397e-25	1.05897e-07	0.00000e+00	0.00000e+00	1.21216e+00
1.758882121262e+14	1.77273e+14	1.00000e+00	1.43280e-01	9.74699e+07	1.00000e+00	2.05190e-09	1.27031e-25	1.07435e-07	0.00000e+00	0.00000e+00	1.21216e+00
3.531613708046e+14	3.54546e+14	1.00000e+00	1.43280e-01	9.49616e+07	1.00000e+00	2.10863e-09	1.33494e-25	1.10601e-07	0.00000e+00	0.00000e+00	1.21216e+00
7.077076881613e+14	5.36910e+14	1.00000e+00	1.43280e-01	9.12272e+07	1.00000e+00	2.19896e-09	1.44081e-25	1.15652e-07	0.00000e+00	0.00000e+00	1.21216e+00
1.244617657203e+15	5.24646e+14	1.00000e+00	1.43280e-01	8.76391e+07	1.00000e+00	2.29307e-09	1.55497e-25	1.20926e-07	0.00000e+00	0.00000e+00	1.21216e+00
1.769263451488e+15	5.12576e+14	1.00000e+00	1.43280e-01	8.41919e+07	1.00000e+00	2.39114e-09	1.67807e-25	1.26434e-07	0.00000e+00	0.00000e+00	1.21215e+00
2.281839344316e+15	5.00742e+14	1.00000e+00	1.43280e-01	8.08797e+07	1.00000e+00	2.49332e-09	1.81080e-25	1.32186e-07	0.00000e+00	0.00000e+00	1.21215e+00
2.782581078220e+15	4.89099e+14	1.00000e+00	1.43280e-01	7.76974e+07	1.00000e+00	2.59978e-09	1.95389e-25	1.38192e-07	0.00000e+00	0.00000e+00	1.21215e+00
3.271679961698e+15	4.77673e+14	1.00000e+00	1.43280e-01	7.46402e+07	1.00000e+00	2.71070e-09	2.10816e-25	1.44463e-07	0.00000e+00	0.00000e+00	1.21215e+00
3.749353380016e+15	4.66489e+14	1.00000e+00	1.43280e-01	7.17053e+07	1.00000e+00	2.82615e-09	2.27431e-25	1.51004e-07	0.00000e+00	0.00000e+00	1.21215e+00
4.215842199313e+15	4.55884e+14	1.00000e+00	1.43280e-01	6.88830e+07	1.00000e+00	2.94653e-09	2.45355e-25	1.57840e-07	0.00000e+00	0.00000e+00	1.21214e+00
4.671726326766e+15	4.45073e+14	1.00000e+00	1.43280e-01	6.61715e+07	1.00000e+00	3.07194e-09	2.64676e-25	1.64977e-07	0.00000e+00	0.00000e+00	1.21214e+00
5.116799431454e+15	4.34458e+14	1.00000e+00	1.43280e-01	6.35662e+07	1.00000e+00	3.20259e-09	2.85501e-25	1.72428e-07	0.00000e+00	0.00000e+00	1.21214e+00
5.551257292099e+15	4.24001e+14	1.00000e+00	1.43280e-01	6.10629e+07	1.00000e+00	3.33871e-09	3.07947e-25	1.80208e-07	0.00000e+00	0.00000e+00	1.21214e+00
5.975258477093e+15	4.13704e+14	1.00000e+00	1.43280e-01	5.86577e+07	1.00000e+00	3.48050e-09	3.32138e-25	1.88330e-07	0.00000e+00	0.00000e+00	1.21214e+00
6.388962367527e+15	4.03578e+14	1.00000e+00	1.43280e-01	5.63466e+07	1.00000e+00	3.62823e-09	3.58210e-25	1.96810e-07	0.00000e+00	0.00000e+00	1.21213e+00
6.792540280161e+15	3.93579e+14	1.00000e+00	1.43280e-01	5.41260e+07	1.00000e+00	3.78213e-09	3.86311e-25	2.05664e-07	0.00000e+00	0.00000e+00	1.21213e+00
7.186119380200e+15	3.83732e+14	1.00000e+00	1.43280e-01	5.19923e+07	1.00000e+00	3.94247e-09	4.16596e-25	2.14909e-07	0.00000e+00	0.00000e+00	1.21213e+00
7.569851151386e+15	3.74027e+14	1.00000e+00	1.43280e-01	4.99420e+07	1.00000e+00	4.10950e-09	4.49235e-25	2.24562e-07	0.00000e+00	0.00000e+00	1.21213e+00
7.943877768472e+15	3.64425e+14	1.00000e+00	1.43280e-01	4.79719e+07	1.00000e+00	4.28351e-09	4.84406e-25	2.34640e-07	0.00000e+00	0.00000e+00	1.21213e+00
8.308302585380e+15	3.54951e+14	1.00000e+00	1.43280e-01	4.60788e+07	1.00000e+00	4.46479e-09	5.22307e-25	2.45163e-07	0.00000e+00	0.00000e+00	1.21212e+00
8.663253501705e+15	3.45589e+14	1.00000e+00	1.43280e-01	4.42597e+07	1.00000e+00	4.65365e-09	5.63152e-25	2.56152e-07	0.00000e+00	0.00000e+00	1.21212e+00
9.008842143737e+15	3.36324e+14	1.00000e+00	1.43280e-01	4.25116e+07	1.00000e+00	4.85040e-09	6.07167e-25	2.67627e-07	0.00000e+00	0.00000e+00	1.21212e+00
9.345165731833e+15	3.27161e+14	1.00000e+00	1.43280e-01	4.08316e+07	1.00000e+00	5.05540e-09	6.54602e-25	2.79610e-07	0.00000e+00	0.00000e+00	1.21212e+00
9.672327077004e+15	3.18072e+14	1.00000e+00	1.43280e-01	3.92172e+07	1.00000e+00	5.26898e-09	7.05721e-25	2.92126e-07	0.00000e+00	0.00000e+00	1.21212e+00
9.990398935815e+15	3.09063e+14	1.00000e+00	1.43280e-01	3.76657e+07	1.00000e+00	5.49153e-09	7.60812e-25	3.05199e-07	0.00000e+00	0.00000e+00	1.21211e+00
1.029946209647e+16	3.00118e+14	1.00000e+00	1.43280e-01	3.61747e+07	1.00000e+00	5.72341e-09	8.20189e-25	3.18853e-07	0.00000e+00	0.00000e+00	1.21211e+00
1.059958002373e+16	2.91254e+14	1.00000e+00	1.43280e-01	3.47416e+07	1.00000e+00	5.96507e-09	8.84184e-25	3.33120e-07	0.00000e+00	0.00000e+00	1.21211e+00
1.089083379173e+16	2.82424e+14	1.00000e+00	1.43280e-01	3.33642e+07	1.00000e+00	6.21691e-09	9.53169e-25	3.48026e-07	0.00000e+00	0.00000e+00	1.21211e+00
1.117325803717e+16	2.73642e+14	1.00000e+00	1.43280e-01	3.20402e+07	1.00000e+00	6.47937e-09	1.02753e-24	3.63602e-07	0.00000e+00	0.00000e+00	1.21211e+00
1.144690049425e+16	2.64899e+14	1.00000e+00	1.43280e-01	3.07677e+07	1.00000e+00	6.75301e-09	1.10771e-24	3.79883e-07	0.00000e+00	0.00000e+00	1.21210e+00
1.171179947199e+16	2.56180e+14	1.00000e+00	1.43280e-01	2.95444e+07	1.00000e+00	7.03826e-09	1.19418e-24	3.96903e-07	0.00000e+00	0.00000e+00	1.21210e+00
1.196797915437e+16	2.47487e+14	1.00000e+00	1.43280e-01	2.83684e+07	1.00000e+00	7.33566e-09	1.28742e-24	4.14699e-07	0.00000e+00	0.00000e+00	1.21210e+00
1.221546656330e+16	2.38806e+14	1.00000e+00	1.43280e-01	2.72377e+07	1.00000e+00	7.64580e-09	1.38799e-24	4.33311e-07	0.00000e+00	0.00000e+00	1.21209e+00
1.245427304890e+16	2.30119e+14	1.00000e+00	1.43280e-01	2.61505e+07	1.00000e+00	7.96933e-09	1.49651e-24	4.52783e-07	0.00000e+00	0.00000e+00	1.21209e+00
1.268439206306e+16	2.21394e+14	1.00000e+00	1.43280e-01	2.51050e+07	1.00000e+00	8.30680e-09	1.61361e-24	4.73160e-07	0.00000e+00	0.00000e+00	1.21209e+00
1.290578588946e+16	2.12654e+14	1.00000e+00	1.43280e-01	2.40996e+07	1.00000e+00	8.65896e-09	1.74000e-24	4.94490e-07	0.00000e+00	0.00000e+00	1.21208e+00
1.311844023202e+16	2.03890e+14	1.00000e+00	1.43280e-01	2.31326e+07	1.00000e+00	9.02649e-09	1.87647e-24	5.16824e-07	0.00000e+00	0.00000e+00	1.21208e+00
1.332233049910e+16	1.95102e+14	1.00000e+00	1.43280e-01	2.22025e+07	1.00000e+00	9.41021e-09	2.02386e-24	5.40222e-07	0.00000e+00	0.00000e+00	1.21208e+00
1.351743274959e+16	1.86280e+14	1.00000e+00	1.43280e-01	2.13076e+07	1.00000e+00	9.81096e-09	2.18314e-24	5.64745e-07	0.00000e+00	0.00000e+00	1.21207e+00
1.370371285948e+16	1.77411e+14	1.00000e+00	1.43280e-01	2.04465e+07	1.00000e+00	1.02296e-08	2.35529e-24	5.90456e-07	0.00000e+00	0.00000e+00	1.21207e+00
1.388112404675e+16	1.68510e+14	1.00000e+00	1.43280e-01	1.96179e+07	1.00000e+00	1.06672e-08	2.54146e-24	6.17428e-07	0.00000e+00	0.00000e+00	1.21206e+00
1.404963411016e+16	1.59592e+14	1.00000e+00	1.43280e-01	1.88205e+07	1.00000e+00	1.11246e-08	2.74287e-24	6.45736e-07	0.00000e+00	0.00000e+00	1.21205e+00
1.420922565371e+16	1.50667e+14	1.00000e+00	1.43280e-01	1.80530e+07	1.00000e+00	1.16030e-08	2.96089e-24	6.75462e-07	0.00000e+00	0.00000e+00	1.21204e+00
1.435989304791e+16	1.41760e+14	1.00000e+00	1.43280e-01	1.73143e+07	1.00000e+00	1.21035e-08	3.19699e-24	7.06691e-07	0.00000e+00	0.00000e+00	1.21204e+00
1.450165280503e+16	1.32903e+14	1.00000e+00	1.43280e-01	1.66034e+07	1.00000e+00	1.26273e-08	3.45277e-24	7.39513e-07	0.00000e+00	0.00000e+00	1.21203e+00
1.463455560821e+16	1.24153e+14	1.00000e+00	1.43280e-01	1.59193e+07	1.00000e+00	1.31754e-08	3.72992e-24	7.74018e-07	0.00000e+00	0.00000e+00	1.21202e+00
1.475870840599e+16	1.15565e+14	1.00000e+00	1.43280e-01	1.52613e+07	1.00000e+00	1.37490e-08	4.03017e-24	8.10293e-07	0.00000e+00	0.00000e+00	1.21200e+00
1.487427316457e+16	1.07225e+14	1.00000e+00	1.43280e-01	1.46290e+07	1.00000e+00	1.43490e-08	4.35541e-24	8.48424e-07	0.00000e+00	0.00000e+00	1.21199e+00
1.498149818307e+16	9.92209e+13	1.00000e+00	1.43280e-01	1.40218e+07	1.00000e+00	1.49760e-08	4.70744e-24	8.88478e-07	0.00000e+00	0.00000e+00	1.21198e+00
1.508071905813e+16	9.16564e+13	1.00000e+00	1.43280e-01	1.34395e+07	1.00000e+00	1.56306e-08	5.08806e-24	9.30517e-07	0.00000e+00	0.00000e+00	1.21196e+00
1.517237541260e+16	8.46215e+13	1.00000e+00	1.43280e-01	1.28819e+07	1.00000e+00	1.63131e-08	5.49910e-24	9.74592e-07	0.00000e+00	0.00000e+00	1.21194e+00
1.525699694845e+16	7.81887e+13	1.00000e+00	1.43280e-01	1.23484e+07	1.00000e+00	1.70240e-08	5.94245e-24	1.02076e-06	0.00000e+00	0.00000e+00	1.21193e+00
1.533518562142e+16	7.23904e+13	1.00000e+00	1.43280e-01	1.18385e+07	1.00000e+00	1.77635e-08	6.42009e-24	1.06907e-06	0.00000e+00	0.00000e+00	1.21191e+00
1.540757602228e+16	6.72271e+13	1.00000e+00	1.43280e-01	1.13514e+07	1.00000e+00	1.85322e-08	6.93419e-24	1.11959e-06	0.00000e+00	0.00000e+00	1.21189e+00
1.547480308550e+16	6.26719e+13	1.00000e+00	1.43280e-01	1.08861e+07	1.00000e+00	1.93311e-08	7.48736e-24	1.17243e-06	0.00000e+00	0.00000e+00	1.21187e+00
1.553747503383e+16	5.86540e+13	1.00000e+00	1.43280e-01	1.04416e+07	1.00000e+00	2.01613e-08	8.08252e-24	1.22769e-06	0.00000e+00	0.00000e+00	1.21185e+00
1.559612902466e+16	5.51077e+13	1.00000e+00	1.43280e-01	1.00167e+07	1.00000e+00	2.10242e-08	8.72285e-24	1.28551e-06	0.00000e+00	0.00000e+00	1.21183e+00
1.565123668155e+16	5.19657e+13	1.00000e+00	1.43280e-01	9.61036e+06	1.00000e+00	2.19215e-08	9.41205e-24	1.34604e-06	0.00000e+00	0.00000e+00	1.21181e+00
1.570320243021e+16	4.91621e+13	1.00000e+00	1.43280e-01	9.22159e+06	1.00000e+00	2.28548e-08	1.01539e-23	1.40944e-06	0.00000e+00	0.00000e+00	1.21179e+00
1.575236457172e+16	4.66449e+13	1.00000e+00	1.43280e-01	8.84804e+06	1.00000e+00	2.38296e-08	1.09568e-23	1.47615e-06	0.00000e+00	0.00000e+00	1.21170e+00
1.579900944221e+16	4.41941e+13	1.00000e+00	1.43280e-01	8.49229e+06	1.00000e+00	2.48387e-08	1.18162e-23	1.54573e-06	0.00000e+00	0.00000e+00	1.21168e+00
1.584320355928e+16	4.21992e+13	1.00000e+00	1.43280e-01	8.15160e+06	1.00000e+00	2.58888e-08	1.27416e-23	1.61869e-06	0.00000e+00	0.00000e+00	1.21166e+00
1.588540276200e+16	4.03881e+13	1.00000e+00	1.43280e-01	7.82496e+06	1.00000e+00	2.69828e-08	1.37393e-23	1.69532e-06	0.00000e+00	0.00000e+00	1.21164e+00
1.592579084363e+16	3.87013e+13	1.00000e+00	1.43280e-01	7.51166e+06	1.00000e+00	2.81231e-08	1.48155e-23	1.77584e-06	0.00000e+00	0.00000e+00	1.21162e+00
1.596449213865e+16	3.71155e+13	1.00000e+00	1.43280e-01	7.21112e+06	1.00000e+00	2.93117e-08	1.59766e-23	1.86050e-06	0.00000e+00	0.00000e+00	1.21161e+00
1.600160760378e+16	3.56220e+13	1.00000e+00	1.43280e-01	6.92266e+06	1.00000e+00	3.05517e-08	1.72301e-23	1.94959e-06	0.00000e+00	0.00000e+00	1.21159e+00
1.603722957108e+16	3.41951e+13	1.00000e+00	1.43280e-01	6.64571e+06	1.00000e+00	3.18458e-08	1.85842e-23	2.04340e-06	0.00000e+00	0.00000e+00	1.21157e+00
1.607142470649e+16	3.28219e+13	1.00000e+00	1.43280e-01	6.37972e+06	1.00000e+00	3.31970e-08	2.00477e-23	2.14227e-06	0.00000e+00	0.00000e+00	1.21155e+00
1.610424655802e+16	3.14899e+13	1.00000e+00	1.43280e-01	6.12423e+06	1.00000e+00	3.46084e-08	2.16305e-23	2.24654e-06	0.00000e+00	0.00000e+00	1.21152e+00
1.613573644931e+16	3.01929e+13	1.00000e+00	1.43280e-01	5.87874e+06	1.00000e+00	3.60835e-08	2.33432e-23	2.35659e-06	0.00000e+00	0.00000e+00	1.21150e+00
1.616592938256e+16	2.89208e+13	1.00000e+00	1.43280e-01	5.64290e+06	1.00000e+00	3.76254e-08	2.51971e-23	2.47279e-06	0.00000e+00	0.00000e+00	1.21148e+00
1.619485022978e+16	2.76789e+13	1.00000e+00	1.43280e-01	5.41636e+06	1.00000e+00	3.92372e-08	2.72042e-23	2.59548e-06	0.00000e+00	0.00000e+00	1.21145e+00
1.622252908377e+16	2.64714e+13	1.00000e+00	1.43280e-01	5.19861e+06	1.00000e+00	4.09237e-08	2.93797e-23	2.72523e-06	0.00000e+00	0.00000e+00	1.21142e+00
1.624900044487e+16	2.52799e+13	1.00000e+00	1.43280e-01	4.98927e+06	1.00000e+00	4.26894e-08	3.17397e-23	2.86259e-06	0.00000e+00	0.00000e+00	1.21140e+00
1.627428034527e+16	2.40993e+13	1.00000e+00	1.43280e-01	4.78794e+06	1.00000e+00	4.45394e-08	3.43016e-23	3.00813e-06	0.00000e+00	0.00000e+00	1.21136e+00
1.629837962829e+16	2.29257e+13	1.00000e+00	1.43280e-01	4.59430e+06	1.00000e+00	4.64787e-08	3.70854e-23	3.16248e-06	0.00000e+00	0.00000e+00	1.21133e+00
1.632130529862e+16	2.17571e+13	1.00000e+00	1.43280e-01	4.40804e+06	1.00000e+00	4.85127e-08	4.01124e-23	3.32632e-06	0.00000e+00	0.00000e+00	1.21129e+00
1.634306241028e+16	2.05961e+13	1.00000e+00	1.43280e-01	4.22885e+06	1.00000e+00	5.06475e-08	4.34068e-23	3.50041e-06	0.00000e+00	0.00000e+00	1.21125e+00
1.636365852404e+16	1.94423e+13	1.00000e+00	1.43280e-01	4.05646e+06	1.00000e+00	5.28891e-08	4.69953e-23	3.68552e-06	0.00000e+00	0.00000e+00	1.21121e+00
1.638310082947e+16	1.82998e+13	1.00000e+00	1.43280e-01	3.89063e+06	1.00000e+00	5.52441e-08	5.09068e-23	3.88255e-06	0.00000e+00	0.00000e+00	1.21116e+00
1.640140058030e+16	1.71735e+13	1.00000e+00	1.43280e-01	3.73110e+06	1.00000e+00	5.77194e-08	5.51639e-23	4.09242e-06	0.00000e+00	0.00000e+00	1.21131e+00
1.641857403710e+16	1.60669e+13	1.00000e+00	1.43280e-01	3.57787e+06	1.00000e+00	6.03189e-08	5.98244e-23	4.31586e-06	0.00000e+00	0.00000e+00	1.21110e+00
1.643464089241e+16	1.50062e+13	1.00000e+00	1.43280e-01	3.42991e+06	9.99999e-01	6.30653e-08	6.49293e-23	4.55526e-06	0.00000e+00	0.00000e+00	1.21104e+00
1.644964713521e+16	1.39137e+13	1.00000e+00	1.43280e-01	3.28821e+06	9.99999e-01	6.59442e-08	7.04760e-23	4.80987e-06	0.00000e+00	0.00000e+00	1.21118e+00
1.646356084072e+16	1.29158e+13	1.00000e+00	1.43280e-01	3.15152e+06	9.99999e-01	6.89867e-08	7.65954e-23	5.08295e-06	0.00000e+00	0.00000e+00	1.21091e+00
1.647647663869e+16	1.19106e+13	1.00000e+00	1.43280e-01	3.01984e+06	9.99999e-01	7.21994e-08	8.33000e-23	5.37566e-06	0.00000e+00	0.00000e+00	1.21084e+00
1.648838726515e+16	1.09265e+13	1.00000e+00	1.43280e-01	2.89350e+06	9.99999e-01	7.55816e-08	9.06419e-23	5.68864e-06	0.00000e+00	0.00000e+00	1.21077e+00
1.649931380298e+16	1.00093e+13	1.00000e+00	1.43280e-01	2.77199e+06	9.99999e-01	7.91524e-08	9.87080e-23	6.02443e-06	0.00000e+00	0.00000e+00	1.21069e+00
1.650932309298e+16	9.13357e+12	1.00000e+00	1.43280e-01	2.65511e+06	9.99999e-01	8.29260e-08	1.07581e-22	6.38516e-06	0.00000e+00	0.00000e+00	1.21060e+00
1.651845665828e+16	8.29995e+12	1.00000e+00	1.43280e-01	2.54268e+06	9.99999e-01	8.69180e-08	1.17358e-22	6.77328e-06	0.00000e+00	0.00000e+00	1.21051e+00
1.652675661025e+16	7.50801e+12	1.00000e+00	1.43280e-01	2.43449e+06	9.99999e-01	9.11458e-08	1.28147e-22	7.19152e-06	0.00000e+00	0.00000e+00	1.21042e+00
1.653426461708e+16	6.75763e+12	1.00000e+00	1.43280e-01	2.33037e+06	9.99999e-01	9.56278e-08	1.40071e-22	7.64289e-06	0.00000e+00	0.00000e+00	1.21033e+00
1.654102224819e+16	6.05024e+12	1.00000e+00	1.43280e-01	2.23021e+06	9.99999e-01	1.00382e-07	1.53267e-22	8.13058e-06	0.00000e+00	0.00000e+00	1.21024e+00
1.654707249091e+16	5.38882e+12	1.00000e+00	1.43280e-01	2.13397e+06	9.99999e-01	1.05426e-07	1.67875e-22	8.65771e-06	0.00000e+00	0.00000e+00	1.21014e+00
1.655246130643e+16	4.77906e+12	1.00000e+00	1.43280e-01	2.04168e+06	9.99999e-01	1.10768e-07	1.84032e-22	9.22697e-06	0.00000e+00	0.00000e+00	1.21005e+00
1.655724036904e+16	4.22927e+12	1.00000e+00	1.43280e-01	1.95424e+06	9.99999e-01	1.16360e-07	2.01661e-22	9.83474e-06	0.00000e+00	0.00000e+00	1.21016e+00
1.656146963467e+16	3.78101e+12	1.00000e+00	1.43280e-01	1.87024e+06	9.99999e-01	1.22297e-07	2.21255e-22	1.04931e-05	0.00000e+00	0.00000e+00	1.21006e+00
1.656525064777e+16	3.36723e+12	1.00000e+00	1.43280e-01	1.79025e+06	9.99999e-01	1.28547e-07	2.42814e-22	1.12007e-05	0.00000e+00	0.00000e+00	1.20996e+00
1.656861788126e+16	3.01452e+12	1.00000e+00	1.43280e-01	1.71438e+06	9.99999e-01	1.35100e-07	2.66439e-22	1.19580e-05	0.00000e+00	0.00000e+00	1.20986e+00
1.657163240078e+16	2.72456e+12	1.00000e+00	1.43280e-01	1.64241e+06	9.99999e-01	1.41969e-07	2.92325e-22	1.27688e-05	0.00000e+00	0.00000e+00	1.20977e+00
1.657435695680e+16	2.48696e+12	1.00000e+00	1.43280e-01	1.57405e+06	9.99999e-01	1.49175e-07	3.20716e-22	1.36379e-05	0.00000e+00	0.00000e+00	1.20968e+00
1.657684391844e+16	2.29063e+12	1.00000e+00	1.43280e-01	1.50902e+06	9.99999e-01	1.56746e-07	3.51901e-22	1.45711e-05	0.00000e+00	0.00000e+00	1.20960e+00
1.657913454944e+16	2.12606e+12	1.00000e+00	1.43280e-01	1.44704e+06	9.99999e-01	1.64713e-07	3.86218e-22	1.55751e-05	0.00000e+00	0.00000e+00	1.20952e+00
1.658126061112e+16	1.98577e+12	1.00000e+00	1.43280e-01	1.38790e+06	9.99999e-01	1.73110e-07	4.24044e-22	1.66575e-05	0.00000e+00	0.00000e+00	1.20944e+00
1.658324637935e+16	1.86385e+12	1.00000e+00	1.43280e-01	1.33139e+06	9.99999e-01	1.81972e-07	4.65796e-22	1.78264e-05	0.00000e+00	0.00000e+00	1.20938e+00
1.658511022993e+16	1.75645e+12	1.00000e+00	1.43280e-01	1.27735e+06	9.99999e-01	1.91331e-07	5.11960e-22	1.90903e-05	0.00000e+00	0.00000e+00	1.20931e+00
1.658686667749e+16	1.66097e+12	1.00000e+00	1.43280e-01	1.22561e+06	9.99999e-01	2.01235e-07	5.63182e-22	2.04604e-05	0.00000e+00	0.00000e+00	1.20909e+00
1.658852764355e+16	1.57366e+12	1.00000e+00	1.43280e-01	1.17597e+06	9.99999e-01	2.11740e-07	6.20007e-22	2.19498e-05	0.00000e+00	0.00000e+00	1.20903e+00
1.659010129866e+16	1.49134e+12	1.00000e+00	1.43280e-01	1.12848e+06	9.99999e-01	2.22857e-07	6.83031e-22	2.35664e-05	0.00000e+00	0.00000e+00	1.20897e+00
1.659159263665e+16	1.41748e+12	1.00000e+00	1.43280e-01	1.08296e+06	9.99999e-01	2.34651e-07	7.53129e-22	2.53261e-05	0.00000e+00	0.00000e+00	1.20891e+00
1.659301011362e+16	1.34870e+12	1.00000e+00	1.43280e-01	1.03931e+06	9.99999e-01	2.47170e-07	8.31180e-22	2.72442e-05	0.00000e+00	0.00000e+00	1.20885e+00
1.659435881766e+16	1.28453e+12	1.00000e+00	1.43280e-01	9.97454e+05	9.99999e-01	2.60467e-07	9.18194e-22	2.93377e-05	0.00000e+00	0.00000e+00	1.20880e+00
1.659564334398e+16	1.22454e+12	1.00000e+00	1.43280e-01	9.57327e+05	9.99999e-01	2.74592e-07	1.01525e-21	3.16248e-05	0.00000e+00	0.00000e+00	1.20874e+00
1.659686788057e+16	1.16859e+12	1.00000e+00	1.43280e-01	9.18846e+05	9.99999e-01	2.89614e-07	1.12372e-21	3.41279e-05	0.00000e+00	0.00000e+00	1.20868e+00
1.659803647166e+16	1.11612e+12	1.00000e+00	1.43280e-01	8.81937e+05	9.99999e-01	3.05603e-07	1.24508e-21	3.68716e-05	0.00000e+00	0.00000e+00	1.20863e+00
1.659915258707e+16	1.06678e+12	1.00000e+00	1.43280e-01	8.46514e+05	9.99999e-01	3.22640e-07	1.38114e-21	3.98852e-05	0.00000e+00	0.00000e+00	1.20858e+00
1.660021936994e+16	1.01974e+12	1.00000e+00	1.43280e-01	8.12501e+05	9.99999e-01	3.40818e-07	1.53395e-21	4.32024e-05	0.00000e+00	0.00000e+00	1.20853e+00
1.660123911229e+16	9.74377e+11	1.00000e+00	1.43280e-01	7.79790e+05	9.99999e-01	3.60260e-07	1.70613e-21	4.68660e-05	0.00000e+00	0.00000e+00	1.20848e+00
1.660221348885e+16	9.29125e+11	1.00000e+00	1.43280e-01	7.48332e+05	9.99999e-01	3.81072e-07	1.90044e-21	5.09200e-05	0.00000e+00	0.00000e+00	1.20843e+00
1.660314261358e+16	8.84094e+11	1.00000e+00	1.43280e-01	7.18065e+05	9.99999e-01	4.03384e-07	2.12025e-21	5.54177e-05	0.00000e+00	0.00000e+00	1.20838e+00
1.660402670730e+16	8.38962e+11	1.00000e+00	1.43280e-01	6.88932e+05	9.99999e-01	4.27340e-07	2.36949e-21	6.04205e-05	0.00000e+00	0.00000e+00	1.20833e+00
1.660486566900e+16	7.93591e+11	1.00000e+00	1.43280e-01	6.60888e+05	9.99999e-01	4.53091e-07	2.65269e-21	6.59987e-05	0.00000e+00	0.00000e+00	1.20828e+00
1.660565926043e+16	7.48083e+11	1.00000e+00	1.43280e-01	6.33907e+05	9.99999e-01	4.80790e-07	2.97502e-21	7.22306e-05	0.00000e+00	0.00000e+00	1.20823e+00
1.660640734363e+16	7.03023e+11	1.00000e+00	1.43280e-01	6.07963e+05	9.99999e-01	5.10600e-07	3.34241e-21	7.92056e-05	1.40130e-44	0.00000e+00	1.20817e+00
1.660711036639e+16	6.58993e+11	1.00000e+00	1.43280e-01	5.83040e+05	9.99999e-01	5.42687e-07	3.76163e-21	8.70241e-05	2.80260e-44	0.00000e+00	1.20812e+00
1.660776935917e+16	6.16645e+11	1.00000e+00	1.43280e-01	5.59120e+05	9.99999e-01	5.77227e-07	4.24050e-21	9.58010e-05	8.40779e-44	0.00000e+00	1.20807e+00
1.660838600419e+16	5.76540e+11	1.00000e+00	1.43280e-01	5.36175e+05	9.99999e-01	6.14405e-07	4.78799e-21	1.05670e-04	2.24208e-43	0.00000e+00	1.20802e+00
1.660896254408e+16	5.38913e+11	1.00000e+00	1.43280e-01	5.14175e+05	9.99999e-01	6.54462e-07	5.41503e-21	1.16789e-04	6.16571e-43	0.00000e+00	1.20797e+00
1.660950145740e+16	5.03810e+11	1.00000e+00	1.43280e-01	4.93088e+05	9.99999e-01	6.97643e-07	6.13433e-21	1.29343e-04	1.70958e-42	0.00000e+00	1.20791e+00
1.661000526714e+16	4.71220e+11	1.00000e+00	1.43280e-01	4.72858e+05	9.99999e-01	7.44277e-07	6.96168e-21	1.43563e-04	4.83448e-42	0.00000e+00	1.20786e+00
1.661047648684e+16	4.40584e+11	1.00000e+00	1.43280e-01	4.53435e+05	9.99999e-01	7.94733e-07	7.91604e-21	1.59727e-04	1.38588e-41	0.00000e+00	1.20781e+00
1.661091707132e+16	4.11423e+11	1.00000e+00	1.43280e-01	4.34775e+05	9.99999e-01	8.49428e-07	9.02015e-21	1.78166e-04	4.03013e-41	0.00000e+00	1.20775e+00
1.661132849474e+16	3.83434e+11	1.00000e+00	1.43280e-01	4.16833e+05	9.99999e-01	9.08841e-07	1.03016e-20	1.99280e-04	2.44428e-40	0.00000e+00	1.20770e+00
1.661171192872e+16	3.56322e+11	1.00000e+00	1.43280e-01	3.99573e+05	9.99999e-01	9.73506e-07	1.17933e-20	2.23547e-04	4.77212e-40	0.00000e+00	1.20764e+00
1.661206825064e+16	3.29959e+11	1.00000e+00	1.43280e-01	3.82969e+05	9.99999e-01	1.04400e-06	1.35350e-20	2.51536e-04	1.37825e-39	0.00000e+00	1.20758e+00
1.661239820987e+16	3.04417e+11	1.00000e+00	1.43280e-01	3.67001e+05	9.99999e-01	1.12093e-06	1.55732e-20	2.83916e-04	3.45538e-39	0.00000e+00	1.20752e+00
1.661270262671e+16	2.79876e+11	1.00000e+00	1.43280e-01	3.51661e+05	9.99998e-01	1.20494e-06	1.79633e-20	3.21466e-04	9.62785e-39	0.00000e+00	1.20746e+00
1.661298250222e+16	2.56637e+11	1.00000e+00	1.43280e-01	3.36942e+05	9.99998e-01	1.29672e-06	2.07701e-20	3.65102e-04	2.78239e-38	0.00000e+00	1.20739e+00
1.661323913899e+16	2.34982e+11	1.00000e+00	1.43280e-01	3.22833e+05	9.99998e-01	1.39699e-06	2.40714e-20	4.15907e-04	8.09182e-38	0.00000e+00	1.20732e+00
1.661347412094e+16	2.15081e+11	1.00000e+00	1.43280e-01	3.09328e+05	9.99998e-01	1.50652e-06	2.79585e-20	4.75147e-04	2.33980e-37	0.00000e+00	1.20725e+00
1.661368920192e+16	1.97057e+11	1.00000e+00	1.43280e-01	2.96415e+05	9.99998e-01	1.62617e-06	3.25411e-20	5.44322e-04	6.69546e-37	0.00000e+00	1.20717e+00
1.661388625857e+16	1.80932e+11	1.00000e+00	1.43280e-01	2.84078e+05	9.99998e-01	1.75691e-06	3.79519e-20	6.25206e-04	1.89272e-36	0.00000e+00	1.20709e+00
1.661406719077e+16	1.66653e+11	1.00000e+00	1.43280e-01	2.72299e+05	9.99998e-01	1.89984e-06	4.43513e-20	7.19913e-04	5.28339e-36	0.00000e+00	1.20701e+00
1.661423384385e+16	1.54094e+11	1.00000e+00	1.43280e-01	2.61052e+05	9.99997e-01	2.05620e-06	5.19350e-20	8.30972e-04	1.45663e-35	0.00000e+00	1.20692e+00
1.661438793819e+16	1.43073e+11	1.00000e+00	1.43280e-01	2.50316e+05	9.99997e-01	2.22740e-06	6.09411e-20	9.61370e-04	3.96732e-35	0.00000e+00	1.20683e+00
1.661453101111e+16	1.33429e+11	1.00000e+00	1.43280e-01	2.40065e+05	9.99997e-01	2.41503e-06	7.16615e-20	1.11466e-03	1.06792e-34	0.00000e+00	1.20673e+00
1.661466443968e+16	1.24995e+11	1.00000e+00	1.43280e-01	2.30275e+05	9.99997e-01	2.62095e-06	8.44559e-20	1.29504e-03	2.84231e-34	0.00000e+00	1.20664e+00
1.661478943454e+16	1.17596e+11	1.00000e+00	1.43280e-01	2.20922e+05	9.99997e-01	2.84720e-06	9.97658e-20	1.50743e-03	7.48089e-34	0.00000e+00	1.20653e+00
1.661490703006e+16	1.11104e+11	1.00000e+00	1.43280e-01	2.11982e+05	9.99996e-01	3.09618e-06	1.18140e-19	1.75759e-03	1.94754e-33	0.00000e+00	1.20643e+00
1.661501813383e+16	1.05383e+11	1.00000e+00	1.43280e-01	2.03435e+05	9.99996e-01	3.37055e-06	1.40234e-19	2.05216e-03	5.01501e-33	0.00000e+00	1.20652e+00
1.661512351723e+16	1.00333e+11	1.00000e+00	1.43280e-01	1.95278e+05	9.99996e-01	3.67268e-06	1.66901e-19	2.39818e-03	1.27590e-32	0.00000e+00	1.20620e+00
1.661522385047e+16	9.60744e+10	1.00000e+00	1.43280e-01	1.87439e+05	9.99995e-01	4.00814e-06	1.99306e-19	2.80599e-03	3.21978e-32	0.00000e+00	1.20608e+00
1.661531992489e+16	9.18932e+10	1.00000e+00	1.43280e-01	1.79952e+05	9.99995e-01	4.37888e-06	2.38620e-19	3.28315e-03	8.01119e-32	0.00000e+00	1.20596e+00
1.661541181811e+16	8.83458e+10	1.00000e+00	1.43280e-01	1.72783e+05	9.99995e-01	4.79009e-06	2.86524e-19	3.84097e-03	1.97034e-31	0.00000e+00	1.20605e+00
1.661550016393e+16	8.51765e+10	1.00000e+00	1.43280e-01	1.65933e+05	9.99994e-01	5.24592e-06	3.45074e-19	4.48983e-03	4.78284e-31	0.00000e+00	1.20591e+00
1.661558534042e+16	8.25303e+10	1.00000e+00	1.43280e-01	1.59355e+05	9.99994e-01	5.75452e-06	4.17158e-19	5.24360e-03	1.14870e-30	0.00000e+00	1.20576e+00
1.661566787069e+16	7.99685e+10	1.00000e+00	1.43280e-01	1.53052e+05	9.99993e-01	6.32173e-06	5.06050e-19	6.11271e-03	2.72013e-30	0.00000e+00	1.20561e+00
1.661574783917e+16	7.76712e+10	1.00000e+00	1.43280e-01	1.47011e+05	9.99993e-01	6.95550e-06	6.16114e-19	7.10900e-03	6.34882e-30	0.00000e+00	1.20544e+00
1.661582551037e+16	7.56099e+10	1.00000e+00	1.43280e-01	1.41221e+05	9.99992e-01	7.66502e-06	7.52957e-19	8.24373e-03	1.45968e-29	0.00000e+00	1.20525e+00
1.661590112026e+16	7.37654e+10	1.00000e+00	1.43280e-01	1.35670e+05	9.99991e-01	8.46088e-06	9.23808e-19	9.52716e-03	3.30368e-29	0.00000e+00	1.20505e+00
1.661597488567e+16	7.21187e+10	1.00000e+00	1.43280e-01	1.30349e+05	9.99990e-01	9.35532e-06	1.13804e-18	1.09682e-02	7.35510e-29	0.00000e+00	1.20483e+00
1.661604700437e+16	7.06627e+10	1.00000e+00	1.43280e-01	1.25246e+05	9.99989e-01	1.03627e-05	1.40789e-18	1.25741e-02	1.60980e-28	0.00000e+00	1.20459e+00
1.661611766709e+16	6.93740e+10	1.00000e+00	1.43280e-01	1.20352e+05	9.99988e-01	1.14999e-05	1.74942e-18	1.43503e-02	3.46146e-28	0.00000e+00	1.20434e+00
1.661618704109e+16	6.82408e+10	1.00000e+00	1.43280e-01	1.15658e+05	9.99987e-01	1.27862e-05	2.18373e-18	1.62999e-02	7.30820e-28	0.00000e+00	1.20406e+00
1.661625528194e+16	6.72528e+10	1.00000e+00	1.43280e-01	1.11155e+05	9.99985e-01	1.42447e-05	2.73918e-18	1.84237e-02	1.51430e-27	0.00000e+00	1.20354e+00
1.661632253474e+16	6.64043e+10	1.00000e+00	1.43280e-01	1.06823e+05	9.99984e-01	1.59068e-05	3.45399e-18	2.07222e-02	3.08071e-27	0.00000e+00	1.20324e+00
1.661638893903e+16	6.55111e+10	1.00000e+00	1.43280e-01	1.02678e+05	9.99982e-01	1.77963e-05	4.37544e-18	2.31862e-02	6.13829e-27	0.00000e+00	1.20292e+00
1.661645445011e+16	6.48987e+10	1.00000e+00	1.43280e-01	9.86974e+04	9.99979e-01	1.99554e-05	5.57282e-18	2.58174e-02	1.20065e-26	0.00000e+00	1.20257e+00
1.661651934877e+16	6.43721e+10	1.00000e+00	1.43280e-01	9.48753e+04	9.99977e-01	2.24296e-05	7.13766e-18	2.86101e-02	2.30514e-26	0.00000e+00	1.20222e+00
1.661658372087e+16	6.39168e+10	1.00000e+00	1.43280e-01	9.12051e+04	9.99974e-01	2.52723e-05	9.19485e-18	3.15576e-02	4.34424e-26	0.00000e+00	1.20184e+00
1.661664763767e+16	6.35332e+10	1.00000e+00	1.43280e-01	8.76797e+04	9.99971e-01	2.85481e-05	1.19164e-17	3.46529e-02	8.03939e-26	0.00000e+00	1.20145e+00
1.661671117084e+16	6.32057e+10	1.00000e+00	1.43280e-01	8.42930e+04	9.99967e-01	3.23341e-05	1.55398e-17	3.78888e-02	1.46148e-25	0.00000e+00	1.20105e+00
1.661677437649e+16	6.29263e+10	1.00000e+00	1.43280e-01	8.10391e+04	9.99962e-01	3.67231e-05	2.03959e-17	4.12580e-02	2.61110e-25	0.00000e+00	1.20063e+00
1.661683730279e+16	6.26874e+10	1.00000e+00	1.43280e-01	7.79124e+04	9.99957e-01	4.18269e-05	2.69488e-17	4.47538e-02	4.58706e-25	0.00000e+00	1.20020e+00
1.661689999017e+16	6.24814e+10	1.00000e+00	1.43280e-01	7.49074e+04	9.99951e-01	4.77810e-05	3.58536e-17	4.83699e-02	7.92756e-25	0.00000e+00	1.19975e+00
1.661696247153e+16	6.23008e+10	1.00000e+00	1.43280e-01	7.20192e+04	9.99944e-01	5.47492e-05	4.80414e-17	5.21007e-02	1.34848e-24	0.00000e+00	1.19929e+00
1.661702477236e+16	6.21403e+10	1.00000e+00	1.43280e-01	6.92431e+04	9.99936e-01	6.29312e-05	6.48393e-17	5.59417e-02	2.25876e-24	0.00000e+00	1.19897e+00
1.661708691265e+16	6.19978e+10	1.00000e+00	1.43280e-01	6.65790e+04	9.99927e-01	7.25534e-05	8.81548e-17	5.98877e-02	3.72646e-24	0.00000e+00	1.19833e+00
1.661714891046e+16	6.19757e+10	1.00000e+00	1.43280e-01	6.40093e+04	9.99915e-01	8.39629e-05	1.20864e-16	6.39437e-02	6.06588e-24	0.00000e+00	1.19800e+00
1.661721088616e+16	6.17509e+10	1.00000e+00	1.43280e-01	6.15471e+04	9.99902e-01	9.74516e-05	1.66891e-16	6.80922e-02	9.72564e-24	0.00000e+00	1.19750e+00
1.661727263709e+16	6.17448e+10	1.00000e+00	1.43280e-01	5.91759e+04	9.99885e-01	1.13527e-04	2.32440e-16	7.23453e-02	1.53987e-23	0.00000e+00	1.19698e+00
1.661733438186e+16	6.16348e+10	1.00000e+00	1.43280e-01	5.68961e+04	9.99866e-01	1.32720e-04	3.26397e-16	7.66940e-02	2.40693e-23	0.00000e+00	1.19645e+00
1.661739601665e+16	6.15268e+10	1.00000e+00	1.43280e-01	5.47042e+04	9.99843e-01	1.55711e-04	4.62173e-16	8.11367e-02	3.71733e-23	0.00000e+00	1.19591e+00
1.661745754343e+16	6.14224e+10	1.00000e+00	1.43280e-01	5.25963e+04	9.99815e-01	1.83345e-04	6.60010e-16	8.56725e-02	5.67893e-23	0.00000e+00	1.19536e+00
1.661751896588e+16	6.13043e+10	1.00000e+00	1.43280e-01	5.05690e+04	9.99782e-01	2.16665e-04	9.50615e-16	9.02995e-02	8.59205e-23	0.00000e+00	1.19479e+00
1.661758027019e+16	6.11672e+10	1.00000e+00	1.43280e-01	4.86190e+04	9.99742e-01	2.56965e-04	1.38093e-15	9.50158e-02	1.28934e-22	0.00000e+00	1.19420e+00
1.661764143744e+16	6.10027e+10	1.00000e+00	1.43280e-01	4.67430e+04	9.99693e-01	3.05843e-04	2.02308e-15	9.98185e-02	1.92233e-22	0.00000e+00	1.19360e+00
1.661770244011e+16	6.08005e+10	1.00000e+00	1.43280e-01	4.49379e+04	9.99633e-01	3.65263e-04	2.98905e-15	1.04703e-01	2.85297e-22	0.00000e+00	1.19260e+00
1.661776324056e+16	6.05438e+10	1.00000e+00	1.43280e-01	4.31940e+04	9.99561e-01	4.37888e-04	4.45389e-15	1.09669e-01	4.22555e-22	0.00000e+00	1.19234e+00
1.661782378434e+16	5.99846e+10	1.00000e+00	1.43280e-01	4.15292e+04	9.99473e-01	5.25889e-04	6.67210e-15	1.14687e-01	6.24551e-22	0.00000e+00	1.19167e+00
1.661788376893e+16	5.98522e+10	1.00000e+00	1.43280e-01	3.99200e+04	9.99365e-01	6.33631e-04	1.00824e-14	1.19793e-01	9.26428e-22	0.00000e+00	1.19047e+00
1.661794362110e+16	5.93918e+10	1.00000e+00	1.43280e-01	3.83631e+04	9.99233e-01	7.65504e-04	1.53363e-14	1.24960e-01	1.37942e-21	0.00000e+00	1.18970e+00
1.661800301290e+16	5.85385e+10	1.00000e+00	1.43280e-01	3.68727e+04	9.99073e-01	9.25337e-04	2.33899e-14	1.30153e-01	2.05902e-21	0.00000e+00	1.18890e+00
1.661806155136e+16	5.79306e+10	1.00000e+00	1.43280e-01	3.54392e+04	9.98879e-01	1.11938e-03	3.57908e-14	1.35395e-01	3.09058e-21	0.00000e+00	1.18872e+00
1.661811948195e+16	5.72837e+10	1.00000e+00	1.43280e-01	3.40707e+04	9.98646e-01	1.35279e-03	5.48103e-14	1.40679e-01	4.66087e-21	0.00000e+00	1.18789e+00
1.661817676565e+16	5.70500e+10	1.00000e+00	1.43280e-01	3.27470e+04	9.98364e-01	1.63478e-03	8.41723e-14	1.46042e-01	7.08117e-21	0.00000e+00	1.18700e+00
1.661823381564e+16	5.64512e+10	1.00000e+00	1.43280e-01	3.14758e+04	9.98027e-01	1.97110e-03	1.28998e-13	1.51450e-01	1.07874e-20	0.00000e+00	1.18605e+00
1.661829026683e+16	5.59108e+10	1.00000e+00	1.43280e-01	3.02559e+04	9.97629e-01	2.36924e-03	1.97012e-13	1.56906e-01	1.64531e-20	0.00000e+00	1.18503e+00
1.661834617765e+16	5.54682e+10	1.00000e+00	1.43280e-01	2.90863e+04	9.97162e-01	2.83666e-03	3.11919e-13	1.62420e-01	2.56513e-20	0.00000e+00	1.18393e+00
1.661840164583e+16	5.51775e+10	1.00000e+00	1.43280e-01	2.79654e+04	9.96618e-01	3.38050e-03	5.03113e-13	1.67999e-01	4.07623e-20	0.00000e+00	1.18182e+00
1.661845682336e+16	5.50636e+10	1.00000e+00	1.43280e-01	2.68816e+04	9.95989e-01	4.00998e-03	8.12534e-13	1.73667e-01	6.54296e-20	0.00000e+00	1.18051e+00
1.661851188694e+16	5.46292e+10	1.00000e+00	1.43280e-01	2.58540e+04	9.95274e-01	4.72414e-03	1.29820e-12	1.79387e-01	1.04808e-19	0.00000e+00	1.17911e+00
1.661856651613e+16	5.49815e+10	1.00000e+00	1.43280e-01	2.48704e+04	9.94463e-01	5.53599e-03	2.05822e-12	1.85239e-01	1.67821e-19	0.00000e+00	1.17759e+00
1.661862149764e+16	5.56076e+10	1.00000e+00	1.43280e-01	2.39289e+04	9.93546e-01	6.45254e-03	3.23466e-12	1.91253e-01	2.67927e-19	0.00000e+00	1.17594e+00
1.661867710526e+16	5.65312e+10	1.00000e+00	1.43280e-01	2.30277e+04	9.92517e-01	7.48118e-03	5.03781e-12	1.97460e-01	4.25841e-19	0.00000e+00	1.17416e+00
1.661873363649e+16	5.77785e+10	1.00000e+00	1.43280e-01	2.21648e+04	9.91369e-01	8.62991e-03	7.77689e-12	2.03895e-01	6.73247e-19	0.00000e+00	1.17223e+00
1.661879141497e+16	5.93682e+10	1.00000e+00	1.43280e-01	2.13386e+04	9.90091e-01	9.90749e-03	1.19035e-11	2.10596e-01	1.05818e-18	0.00000e+00	1.17014e+00
1.661885078319e+16	6.13305e+10	1.00000e+00	1.43280e-01	2.05471e+04	9.88675e-01	1.13239e-02	1.80748e-11	2.17605e-01	1.65291e-18	0.00000e+00	1.16787e+00
1.661891211372e+16	6.36897e+10	1.00000e+00	1.43280e-01	1.97888e+04	9.87108e-01	1.28905e-02	2.72427e-11	2.24966e-01	2.56504e-18	0.00000e+00	1.16540e+00
1.661897580343e+16	6.64761e+10	1.00000e+00	1.43280e-01	1.90619e+04	9.85378e-01	1.46204e-02	4.07816e-11	2.32725e-01	3.95280e-18	0.00000e+00	1.16272e+00
1.661904227955e+16	6.97308e+10	1.00000e+00	1.43280e-01	1.83646e+04	9.83470e-01	1.65287e-02	6.06742e-11	2.40934e-01	6.04590e-18	0.00000e+00	1.15981e+00
1.661911201036e+16	7.34654e+10	1.00000e+00	1.43280e-01	1.76955e+04	9.81366e-01	1.86322e-02	8.97610e-11	2.49644e-01	9.17072e-18	0.00000e+00	1.15663e+00
1.661918547580e+16	7.77150e+10	1.00000e+00	1.43280e-01	1.70530e+04	9.79049e-01	2.09496e-02	1.32106e-10	2.58906e-01	1.37819e-17	0.00000e+00	1.15317e+00
1.661926319078e+16	8.25112e+10	1.00000e+00	1.43280e-01	1.64358e+04	9.76497e-01	2.35017e-02	1.93498e-10	2.68773e-01	2.04976e-17	0.00000e+00	1.14940e+00
1.661934570196e+16	8.78877e+10	1.00000e+00	1.43280e-01	1.58425e+04	9.73687e-01	2.63113e-02	2.82156e-10	2.79296e-01	3.01357e-17	0.00000e+00	1.14529e+00
1.661943358971e+16	9.38738e+10	1.00000e+00	1.43280e-01	1.52719e+04	9.70596e-01	2.94030e-02	4.09695e-10	2.90522e-01	4.37488e-17	0.00000e+00	1.14080e+00
1.661952746350e+16	1.00494e+11	1.00000e+00	1.43280e-01	1.47227e+04	9.67196e-01	3.28029e-02	5.92443e-10	3.02494e-01	6.26534e-17	0.00000e+00	1.13590e+00
1.661962795721e+16	1.07755e+11	1.00000e+00	1.43280e-01	1.41937e+04	9.63461e-01	3.65381e-02	8.53199e-10	3.15245e-01	8.84514e-17	0.00000e+00	1.13055e+00
1.661973571178e+16	1.15660e+11	1.00000e+00	1.43280e-01	1.36839e+04	9.59363e-01	4.06361e-02	1.21998e-09	3.28798e-01	1.22733e-16	0.00000e+00	1.12473e+00
1.661985137186e+16	1.24180e+11	1.00000e+00	1.43280e-01	1.31923e+04	9.54875e-01	4.51237e-02	1.73195e-09	3.43156e-01	1.67351e-16	0.00000e+00	1.11839e+00
1.661997555160e+16	1.33290e+11	1.00000e+00	1.43280e-01	1.27179e+04	9.49972e-01	5.00270e-02	2.44392e-09	3.58305e-01	2.24602e-16	0.00000e+00	1.11150e+00
1.662010884190e+16	1.42916e+11	1.00000e+00	1.43280e-01	1.22597e+04	9.44629e-01	5.53692e-02	3.42835e-09	3.74206e-01	2.97101e-16	0.00000e+00	1.10405e+00
1.662025175830e+16	1.52981e+11	1.00000e+00	1.43280e-01	1.18172e+04	9.38828e-01	6.11703e-02	4.78015e-09	3.90795e-01	3.87841e-16	0.00000e+00	1.09600e+00
1.662040473910e+16	1.63400e+11	1.00000e+00	1.43280e-01	1.13896e+04	9.32553e-01	6.74462e-02	6.62204e-09	4.07982e-01	5.00260e-16	0.00000e+00	1.08735e+00
1.662056813943e+16	1.74090e+11	1.00000e+00	1.43280e-01	1.09763e+04	9.25790e-01	7.42091e-02	9.11094e-09	4.25655e-01	6.38331e-16	0.00000e+00	1.07809e+00
1.662074222944e+16	1.84935e+11	1.00000e+00	1.43280e-01	1.05766e+04	9.18534e-01	8.14651e-02	1.24444e-08	4.43678e-01	8.06618e-16	0.00000e+00	1.06821e+00
1.662092716412e+16	1.95768e+11	1.00000e+00	1.43280e-01	1.01902e+04	9.10786e-01	8.92128e-02	1.68659e-08	4.61889e-01	1.01029e-15	0.00000e+00	1.05774e+00
1.662112293188e+16	2.06501e+11	1.00000e+00	1.43280e-01	9.81665e+03	9.02553e-01	9.74455e-02	2.27614e-08	4.80117e-01	1.25558e-15	0.00000e+00	1.04669e+00
1.662132943246e+16	2.06501e+11	1.00000e+00	1.43280e-01	9.47170e+03	8.94272e-01	1.05727e-01	3.01919e-08	4.97356e-01	1.53447e-15	0.00000e+00	1.03569e+00
